frame,time stamp,Best Nmin(iou>=0.3),Best Nmin(iou>=0.5),vel_slot 0,vel_slot 1,vel_slot 2,vel_slot 3,vel_slot 4,vel_slot 5,moving_obj_percentage,current_scan_points,past_scan_points,GT min velocity,f1_score(iou>=0.3)->Nmin=2,f1_score(iou>=0.3)->Nmin=3,f1_score(iou>=0.3)->Nmin=4,f1_score(iou>=0.3)->Nmin=5,f1_score(iou>=0.3)->Nmin=6,f1_score(iou>=0.3)->Nmin=7,f1_score(iou>=0.3)->Nmin=8,f1_score(iou>=0.3)->Nmin=9,f1_score(iou>=0.3)->Nmin=10,f1_score(iou>=0.5)->Nmin=2,f1_score(iou>=0.5)->Nmin=3,f1_score(iou>=0.5)->Nmin=4,f1_score(iou>=0.5)->Nmin=5,f1_score(iou>=0.5)->Nmin=6,f1_score(iou>=0.5)->Nmin=7,f1_score(iou>=0.5)->Nmin=8,f1_score(iou>=0.5)->Nmin=9,f1_score(iou>=0.5)->Nmin=10
1,12951545.847,2,2,390,0,0,0,0,0,0.074,390,0,0.055,0.857,0.727,0.444,0.444,0.250,0.250,0.000,0.000,0.000,0.857,0.727,0.444,0.444,0.250,0.250,0.000,0.000,0.000
2,12951557.660,2,2,368,0,0,0,0,0,0.052,368,390,0.062,0.462,0.333,0.182,0.182,0.182,0.182,0.000,0.000,0.000,0.462,0.333,0.182,0.182,0.182,0.182,0.000,0.000,0.000
3,12951558.759,2,2,380,0,0,0,0,0,0.058,380,368,0.144,0.667,0.571,0.462,0.333,0.182,0.182,0.182,0.182,0.182,0.667,0.571,0.462,0.333,0.182,0.182,0.182,0.182,0.182
4,12951558.831,2,2,377,0,0,0,0,0,0.048,377,380,0.055,0.706,0.706,0.706,0.533,0.308,0.308,0.167,0.167,0.167,0.706,0.706,0.706,0.533,0.308,0.308,0.167,0.167,0.167
5,12951558.905,2,2,372,0,0,0,0,0,0.043,372,377,0.113,0.533,0.533,0.533,0.308,0.167,0.167,0.167,0.000,0.000,0.533,0.533,0.533,0.308,0.167,0.167,0.167,0.000,0.000
6,12951558.980,2,2,364,0,0,0,0,0,0.047,364,372,0.086,0.308,0.308,0.308,0.308,0.167,0.167,0.000,0.000,0.000,0.308,0.308,0.308,0.308,0.167,0.167,0.000,0.000,0.000
7,12951559.052,2,2,391,0,0,0,0,0,0.064,391,364,0.088,0.750,0.750,0.667,0.462,0.333,0.333,0.182,0.182,0.000,0.750,0.750,0.667,0.462,0.333,0.333,0.182,0.182,0.000
8,12951559.124,2,2,370,0,0,0,0,0,0.057,370,391,0.088,0.533,0.533,0.533,0.533,0.429,0.308,0.308,0.308,0.000,0.533,0.533,0.533,0.533,0.429,0.308,0.308,0.308,0.000
9,12951559.200,2,2,360,0,0,0,0,0,0.036,360,370,0.037,0.308,0.308,0.308,0.308,0.308,0.167,0.000,0.000,0.000,0.308,0.308,0.308,0.308,0.308,0.167,0.000,0.000,0.000
10,12951559.273,2,2,379,0,0,0,0,0,0.032,379,360,0.017,0.308,0.308,0.167,0.167,0.000,0.000,0.000,0.000,0.000,0.308,0.308,0.167,0.167,0.000,0.000,0.000,0.000,0.000
11,12951559.345,2,2,385,0,0,0,0,0,0.042,385,379,0.026,0.625,0.625,0.308,0.167,0.167,0.167,0.000,0.000,0.000,0.625,0.625,0.308,0.167,0.167,0.167,0.000,0.000,0.000
12,12951559.418,2,2,393,0,0,0,0,0,0.059,393,385,0.064,0.625,0.625,0.625,0.533,0.429,0.308,0.000,0.000,0.000,0.625,0.625,0.625,0.533,0.429,0.308,0.000,0.000,0.000
13,12951559.490,2,2,387,0,0,0,0,0,0.054,387,393,0.124,0.667,0.667,0.588,0.400,0.286,0.154,0.154,0.000,0.000,0.667,0.667,0.588,0.400,0.286,0.154,0.154,0.000,0.000
14,12951559.564,2,2,379,0,0,0,0,0,0.053,379,387,0.020,0.533,0.533,0.429,0.167,0.167,0.167,0.167,0.000,0.000,0.533,0.533,0.429,0.167,0.167,0.167,0.167,0.000,0.000
15,12951559.639,2,2,382,0,0,0,0,0,0.065,382,379,0.083,0.750,0.750,0.667,0.462,0.182,0.182,0.182,0.182,0.000,0.750,0.750,0.667,0.462,0.182,0.182,0.182,0.182,0.000
16,12951559.709,2,2,376,0,0,0,0,0,0.048,376,382,0.057,0.500,0.500,0.500,0.286,0.154,0.154,0.000,0.000,0.000,0.500,0.500,0.500,0.286,0.154,0.154,0.000,0.000,0.000
17,12951559.783,2,2,356,0,0,0,0,1,0.042,357,376,0.043,0.400,0.400,0.400,0.154,0.154,0.000,0.000,0.000,0.000,0.400,0.400,0.400,0.154,0.154,0.000,0.000,0.000,0.000
18,12951559.858,2,2,372,0,0,0,0,0,0.048,372,357,0.035,0.500,0.500,0.400,0.154,0.154,0.154,0.000,0.000,0.000,0.500,0.500,0.400,0.154,0.154,0.154,0.000,0.000,0.000
19,12951559.931,2,2,371,0,0,0,0,0,0.057,371,372,0.011,0.667,0.667,0.588,0.500,0.400,0.154,0.000,0.000,0.000,0.667,0.667,0.588,0.500,0.400,0.154,0.000,0.000,0.000
20,12951560.003,2,2,377,0,0,0,0,0,0.058,377,371,0.047,0.625,0.625,0.625,0.533,0.308,0.308,0.000,0.000,0.000,0.625,0.625,0.625,0.533,0.308,0.308,0.000,0.000,0.000
21,12951560.076,2,2,375,0,0,0,0,1,0.040,376,377,0.038,0.533,0.533,0.429,0.429,0.167,0.167,0.167,0.000,0.000,0.533,0.533,0.429,0.429,0.167,0.167,0.167,0.000,0.000
22,12951560.150,2,2,373,0,0,0,0,0,0.043,373,376,0.020,0.667,0.667,0.462,0.333,0.182,0.000,0.000,0.000,0.000,0.667,0.667,0.462,0.333,0.182,0.000,0.000,0.000,0.000
23,12951560.223,2,2,385,0,0,0,0,0,0.057,385,373,0.003,0.533,0.533,0.533,0.308,0.308,0.308,0.167,0.000,0.000,0.533,0.533,0.533,0.308,0.308,0.308,0.167,0.000,0.000
24,12951560.297,2,2,364,0,0,0,0,0,0.052,364,385,0.004,0.571,0.571,0.462,0.462,0.462,0.333,0.182,0.182,0.182,0.571,0.571,0.462,0.462,0.462,0.333,0.182,0.182,0.182
25,12951560.369,2,2,381,0,0,0,0,0,0.047,381,364,0.064,0.571,0.571,0.571,0.462,0.333,0.182,0.000,0.000,0.000,0.571,0.571,0.571,0.462,0.333,0.182,0.000,0.000,0.000
26,12951560.442,2,2,376,0,0,0,0,0,0.040,376,381,0.004,0.571,0.571,0.462,0.462,0.333,0.182,0.182,0.000,0.000,0.571,0.571,0.462,0.462,0.333,0.182,0.182,0.000,0.000
27,12951560.517,2,2,361,0,0,0,0,0,0.042,361,376,0.022,0.571,0.571,0.462,0.333,0.182,0.182,0.182,0.182,0.000,0.571,0.571,0.462,0.333,0.182,0.182,0.182,0.182,0.000
28,12951560.590,2,2,372,0,0,0,0,0,0.035,372,361,0.018,0.462,0.462,0.462,0.182,0.182,0.000,0.000,0.000,0.000,0.462,0.462,0.462,0.182,0.182,0.000,0.000,0.000,0.000
29,12951560.661,2,2,373,0,0,0,0,0,0.043,373,372,0.041,0.615,0.615,0.500,0.500,0.364,0.200,0.200,0.000,0.000,0.615,0.615,0.500,0.500,0.364,0.200,0.200,0.000,0.000
30,12951560.736,2,2,365,0,0,0,0,0,0.044,365,373,0.022,0.333,0.333,0.333,0.333,0.333,0.182,0.182,0.182,0.182,0.333,0.333,0.333,0.333,0.333,0.182,0.182,0.182,0.182
31,12951560.809,2,2,362,0,0,0,0,0,0.030,362,365,0.015,0.364,0.364,0.364,0.364,0.364,0.200,0.200,0.000,0.000,0.364,0.364,0.364,0.364,0.364,0.200,0.200,0.000,0.000
32,12951560.882,2,2,384,0,0,0,0,0,0.055,384,362,0.032,0.625,0.625,0.429,0.167,0.167,0.000,0.000,0.000,0.000,0.625,0.625,0.429,0.167,0.167,0.000,0.000,0.000,0.000
33,12951560.955,2,2,370,0,0,0,0,0,0.030,370,384,0.003,0.364,0.364,0.364,0.364,0.200,0.000,0.000,0.000,0.000,0.364,0.364,0.364,0.364,0.200,0.000,0.000,0.000,0.000
34,12951561.030,4,4,384,0,0,0,0,0,0.039,384,370,0.013,0.500,0.500,0.545,0.400,0.222,0.222,0.000,0.000,0.000,0.500,0.500,0.545,0.400,0.222,0.222,0.000,0.000,0.000
35,12951561.104,2,2,371,0,0,0,0,0,0.038,371,384,0.021,0.727,0.727,0.727,0.444,0.444,0.250,0.250,0.250,0.250,0.727,0.727,0.727,0.444,0.444,0.250,0.250,0.250,0.250
36,12951561.178,2,2,371,0,0,0,0,0,0.043,371,371,0.011,0.615,0.500,0.500,0.500,0.364,0.200,0.200,0.200,0.200,0.615,0.500,0.500,0.500,0.364,0.200,0.200,0.200,0.200
37,12951561.250,2,2,369,0,0,0,0,0,0.027,369,371,0.014,0.444,0.444,0.250,0.250,0.250,0.250,0.250,0.000,0.000,0.444,0.444,0.250,0.250,0.250,0.250,0.250,0.000,0.000
38,12951561.323,2,2,372,0,0,0,0,0,0.038,372,369,0.008,0.545,0.545,0.400,0.400,0.400,0.400,0.400,0.000,0.000,0.545,0.545,0.400,0.400,0.400,0.400,0.400,0.000,0.000
39,12951561.470,2,2,383,0,0,0,0,0,0.044,383,372,0.020,0.571,0.571,0.333,0.333,0.182,0.182,0.000,0.000,0.000,0.571,0.571,0.333,0.333,0.182,0.182,0.000,0.000,0.000
40,12951561.542,2,2,382,0,0,0,0,0,0.031,382,383,0.028,0.400,0.400,0.400,0.400,0.000,0.000,0.000,0.000,0.000,0.400,0.400,0.400,0.400,0.000,0.000,0.000,0.000,0.000
41,12951561.615,2,2,372,0,0,0,0,0,0.040,372,382,0.066,0.600,0.600,0.444,0.444,0.444,0.000,0.000,0.000,0.000,0.600,0.600,0.444,0.444,0.444,0.000,0.000,0.000,0.000
42,12951561.689,2,2,361,0,0,0,0,0,0.019,361,372,0.008,0.545,0.545,0.545,0.400,0.222,0.222,0.222,0.000,0.000,0.545,0.545,0.545,0.400,0.222,0.222,0.222,0.000,0.000
43,12951561.763,2,2,359,0,0,0,0,0,0.039,359,361,0.026,0.615,0.500,0.545,0.400,0.222,0.222,0.222,0.000,0.000,0.615,0.500,0.545,0.400,0.222,0.222,0.222,0.000,0.000
44,12951561.836,2,2,354,0,0,0,0,0,0.042,354,359,0.006,0.500,0.500,0.500,0.364,0.364,0.200,0.200,0.000,0.000,0.500,0.500,0.500,0.364,0.364,0.200,0.200,0.000,0.000
45,12951561.907,2,2,354,0,0,0,0,0,0.025,354,354,0.039,0.400,0.400,0.222,0.000,0.000,0.000,0.000,0.000,0.000,0.400,0.400,0.222,0.000,0.000,0.000,0.000,0.000,0.000
46,12951561.982,2,2,364,0,0,0,0,0,0.049,364,354,0.012,0.714,0.615,0.615,0.364,0.364,0.000,0.000,0.000,0.000,0.714,0.615,0.615,0.364,0.364,0.000,0.000,0.000,0.000
47,12951562.057,2,2,356,0,0,0,0,0,0.048,356,364,0.065,0.500,0.500,0.500,0.500,0.500,0.500,0.500,0.200,0.000,0.500,0.500,0.500,0.500,0.500,0.500,0.500,0.200,0.000
48,12951562.130,2,2,356,0,0,0,0,0,0.042,356,356,0.072,0.667,0.667,0.545,0.545,0.545,0.400,0.400,0.222,0.000,0.667,0.667,0.545,0.545,0.545,0.400,0.400,0.222,0.000
49,12951562.202,2,2,355,0,0,0,0,0,0.051,355,356,0.013,0.667,0.667,0.667,0.545,0.545,0.400,0.400,0.000,0.000,0.667,0.667,0.667,0.545,0.545,0.400,0.400,0.000,0.000
50,12951562.277,2,2,363,0,0,0,0,0,0.058,363,355,0.027,0.500,0.500,0.500,0.500,0.364,0.364,0.364,0.200,0.000,0.500,0.500,0.500,0.500,0.364,0.364,0.364,0.200,0.000
51,12951562.351,2,2,349,0,0,0,0,0,0.046,349,363,0.132,0.545,0.545,0.545,0.545,0.545,0.400,0.400,0.222,0.222,0.545,0.545,0.545,0.545,0.545,0.400,0.400,0.222,0.222
52,12951562.424,2,2,352,0,0,0,0,0,0.048,352,349,0.115,0.667,0.667,0.545,0.400,0.400,0.400,0.222,0.222,0.222,0.667,0.667,0.545,0.400,0.400,0.400,0.222,0.222,0.222
53,12951562.498,2,2,360,0,0,0,0,0,0.053,360,352,0.077,0.667,0.667,0.667,0.545,0.545,0.222,0.222,0.222,0.222,0.667,0.667,0.667,0.545,0.545,0.222,0.222,0.222,0.222
54,12951562.572,2,2,354,0,0,0,0,0,0.045,354,360,0.040,0.769,0.769,0.667,0.667,0.400,0.400,0.400,0.000,0.000,0.769,0.769,0.667,0.667,0.400,0.400,0.400,0.000,0.000
55,12951562.646,2,2,356,0,0,0,0,0,0.042,356,354,0.103,0.667,0.667,0.667,0.545,0.400,0.222,0.222,0.000,0.000,0.667,0.667,0.667,0.545,0.400,0.222,0.222,0.000,0.000
56,12951562.720,2,2,363,0,0,0,0,0,0.041,363,356,0.075,0.667,0.667,0.667,0.667,0.400,0.400,0.222,0.222,0.000,0.667,0.667,0.667,0.667,0.400,0.400,0.222,0.222,0.000
57,12951562.792,2,2,349,0,0,0,0,0,0.037,349,363,0.083,0.667,0.667,0.400,0.400,0.400,0.222,0.000,0.000,0.000,0.667,0.667,0.400,0.400,0.400,0.222,0.000,0.000,0.000
58,12951562.867,2,2,381,0,0,0,0,0,0.060,381,349,0.017,0.833,0.833,0.600,0.444,0.250,0.444,0.250,0.250,0.250,0.833,0.833,0.600,0.444,0.250,0.444,0.250,0.250,0.250
59,12951562.942,2,2,373,0,0,0,0,0,0.051,373,381,0.015,0.545,0.545,0.545,0.400,0.400,0.400,0.222,0.222,0.222,0.545,0.545,0.545,0.400,0.400,0.400,0.222,0.222,0.222
60,12951563.014,2,2,369,0,0,0,0,0,0.051,369,373,0.069,0.500,0.500,0.500,0.500,0.364,0.200,0.200,0.000,0.000,0.500,0.500,0.500,0.500,0.364,0.200,0.200,0.000,0.000
61,12951563.087,5,5,373,0,0,0,0,0,0.056,373,369,0.060,0.200,0.200,0.222,0.545,0.400,0.400,0.400,0.222,0.222,0.200,0.200,0.222,0.545,0.400,0.400,0.400,0.222,0.222
62,12951563.161,7,7,378,0,0,0,0,0,0.045,378,373,0.123,0.364,0.364,0.364,0.364,0.364,0.500,0.500,0.200,0.200,0.364,0.364,0.364,0.364,0.364,0.500,0.500,0.200,0.200
63,12951563.235,6,6,355,0,0,0,0,0,0.051,355,378,0.044,0.400,0.400,0.400,0.400,0.667,0.400,0.400,0.000,0.000,0.400,0.400,0.400,0.400,0.667,0.400,0.400,0.000,0.000
64,12951563.309,2,2,377,0,0,0,0,0,0.053,377,355,0.119,0.769,0.667,0.545,0.400,0.400,0.400,0.222,0.000,0.000,0.615,0.500,0.364,0.400,0.400,0.400,0.222,0.000,0.000
65,12951563.382,2,2,380,0,0,0,0,0,0.053,380,377,0.091,0.400,0.400,0.400,0.400,0.400,0.400,0.222,0.222,0.222,0.400,0.400,0.400,0.400,0.400,0.400,0.222,0.222,0.222
66,12951563.456,2,2,388,0,0,0,0,0,0.044,388,380,0.170,0.545,0.545,0.545,0.400,0.400,0.222,0.222,0.222,0.222,0.545,0.545,0.545,0.400,0.400,0.222,0.222,0.222,0.222
67,12951563.530,2,2,375,0,0,0,0,0,0.056,375,388,0.018,0.545,0.545,0.400,0.400,0.222,0.222,0.222,0.222,0.222,0.545,0.545,0.400,0.400,0.222,0.222,0.222,0.222,0.222
68,12951563.606,7,7,388,0,0,0,0,0,0.052,388,375,0.172,0.444,0.444,0.444,0.444,0.444,0.600,0.250,0.250,0.250,0.444,0.444,0.444,0.444,0.444,0.600,0.250,0.250,0.250
69,12951563.678,4,4,376,0,0,0,0,0,0.051,376,388,0.223,0.600,0.600,0.833,0.833,0.833,0.727,0.600,0.444,0.444,0.600,0.600,0.833,0.833,0.833,0.727,0.600,0.444,0.444
70,12951563.750,2,2,382,0,0,0,0,1,0.047,383,376,0.000,0.667,0.667,0.667,0.667,0.667,0.545,0.400,0.400,0.400,0.667,0.667,0.667,0.667,0.667,0.545,0.400,0.400,0.400
71,12951563.825,2,2,378,0,0,0,0,0,0.056,378,383,0.247,0.800,0.800,0.800,0.667,0.667,0.667,0.500,0.286,0.286,0.800,0.800,0.800,0.667,0.667,0.667,0.500,0.286,0.286
72,12951563.899,2,2,367,0,0,0,0,0,0.035,367,378,0.230,0.750,0.750,0.750,0.571,0.571,0.571,0.333,0.333,0.333,0.750,0.750,0.750,0.571,0.571,0.571,0.333,0.333,0.333
73,12951563.972,2,2,376,0,0,0,0,0,0.048,376,367,0.121,0.400,0.400,0.400,0.222,0.222,0.222,0.222,0.222,0.222,0.400,0.400,0.400,0.222,0.222,0.222,0.222,0.222,0.222
74,12951564.047,2,2,380,0,0,0,0,0,0.037,380,376,0.082,0.545,0.545,0.400,0.400,0.400,0.222,0.222,0.222,0.000,0.545,0.545,0.400,0.400,0.400,0.222,0.222,0.222,0.000
75,12951564.121,2,2,370,0,0,0,0,0,0.041,370,380,0.031,0.444,0.444,0.444,0.444,0.250,0.250,0.250,0.250,0.250,0.444,0.444,0.444,0.444,0.250,0.250,0.250,0.250,0.250
76,12951564.195,2,2,381,0,0,0,0,0,0.050,381,370,0.019,0.500,0.500,0.500,0.364,0.364,0.200,0.200,0.200,0.200,0.500,0.500,0.500,0.364,0.364,0.200,0.200,0.200,0.200
77,12951564.268,2,2,377,0,0,0,0,0,0.034,377,381,0.167,0.600,0.600,0.444,0.444,0.444,0.444,0.444,0.444,0.250,0.600,0.600,0.444,0.444,0.444,0.444,0.444,0.444,0.250
78,12951564.341,2,2,368,0,0,0,0,0,0.038,368,377,0.097,0.727,0.600,0.600,0.600,0.444,0.444,0.250,0.000,0.000,0.727,0.600,0.600,0.600,0.444,0.444,0.250,0.000,0.000
79,12951564.415,2,2,370,0,0,0,0,0,0.046,370,368,0.080,0.667,0.667,0.667,0.667,0.667,0.500,0.500,0.500,0.500,0.667,0.667,0.667,0.667,0.667,0.500,0.500,0.250,0.250
80,12951564.489,2,2,375,0,0,0,0,0,0.045,375,370,0.037,0.444,0.444,0.444,0.444,0.444,0.444,0.444,0.444,0.444,0.444,0.444,0.444,0.444,0.444,0.444,0.444,0.444,0.444
81,12951564.562,6,6,379,0,0,0,0,0,0.037,379,375,0.013,0.444,0.444,0.444,0.444,0.600,0.444,0.444,0.444,0.444,0.444,0.444,0.444,0.444,0.600,0.444,0.444,0.444,0.444
82,12951564.634,2,2,365,0,0,0,0,0,0.027,365,379,0.069,0.750,0.750,0.750,0.750,0.571,0.571,0.571,0.333,0.333,0.750,0.750,0.750,0.750,0.571,0.571,0.571,0.333,0.333
83,12951564.709,2,2,376,0,0,0,0,0,0.029,376,365,0.176,0.750,0.750,0.750,0.750,0.750,0.333,0.333,0.000,0.000,0.750,0.750,0.750,0.750,0.750,0.333,0.333,0.000,0.000
84,12951564.784,2,2,371,0,0,0,0,0,0.038,371,376,0.032,0.727,0.600,0.667,0.667,0.500,0.500,0.500,0.286,0.286,0.727,0.600,0.667,0.667,0.500,0.500,0.500,0.286,0.286
85,12951564.856,2,2,371,0,0,0,0,0,0.035,371,371,0.118,0.667,0.667,0.667,0.667,0.667,0.500,0.286,0.286,0.000,0.667,0.667,0.667,0.667,0.667,0.500,0.286,0.286,0.000
86,12951564.930,2,2,368,0,0,0,0,0,0.030,368,371,0.011,0.444,0.444,0.444,0.444,0.444,0.444,0.000,0.000,0.000,0.444,0.444,0.444,0.444,0.444,0.444,0.000,0.000,0.000
87,12951565.003,2,2,372,0,0,0,0,0,0.022,372,368,0.039,0.667,0.667,0.500,0.500,0.286,0.286,0.000,0.000,0.000,0.667,0.667,0.500,0.500,0.286,0.286,0.000,0.000,0.000
88,12951565.077,2,2,354,0,0,0,0,0,0.023,354,372,0.018,0.571,0.571,0.571,0.571,0.333,0.000,0.000,0.000,0.000,0.571,0.571,0.571,0.571,0.333,0.000,0.000,0.000,0.000
89,12951565.151,2,2,369,0,0,0,0,0,0.035,369,354,0.019,0.600,0.600,0.600,0.600,0.600,0.000,0.000,0.000,0.000,0.600,0.600,0.600,0.600,0.600,0.000,0.000,0.000,0.000
90,12951565.223,2,2,357,0,0,0,0,0,0.039,357,369,0.125,0.667,0.667,0.667,0.500,0.500,0.286,0.286,0.286,0.286,0.667,0.667,0.667,0.500,0.500,0.286,0.286,0.286,0.286
91,12951565.296,2,2,366,0,0,0,0,0,0.036,366,357,0.243,0.800,0.800,0.800,0.667,0.500,0.286,0.286,0.286,0.286,0.800,0.800,0.800,0.667,0.500,0.286,0.286,0.286,0.286
92,12951565.371,2,2,364,0,0,0,0,0,0.041,364,366,0.048,0.667,0.667,0.600,0.600,0.600,0.444,0.250,0.250,0.000,0.667,0.667,0.600,0.600,0.600,0.444,0.250,0.250,0.000
93,12951565.444,2,2,364,0,0,0,0,0,0.036,364,364,0.000,0.600,0.600,0.600,0.444,0.444,0.250,0.250,0.000,0.000,0.600,0.600,0.600,0.444,0.444,0.250,0.250,0.000,0.000
94,12951565.516,2,2,373,0,0,0,0,0,0.032,373,364,0.010,0.800,0.800,0.667,0.500,0.500,0.000,0.000,0.000,0.000,0.800,0.800,0.667,0.500,0.500,0.000,0.000,0.000,0.000
95,12951565.590,4,4,371,0,0,0,0,0,0.038,371,373,0.178,0.615,0.615,0.667,0.545,0.400,0.222,0.222,0.000,0.000,0.615,0.615,0.667,0.545,0.400,0.222,0.222,0.000,0.000
96,12951565.663,2,2,380,0,0,0,0,0,0.034,380,371,0.025,0.800,0.800,0.667,0.667,0.500,0.500,0.000,0.000,0.000,0.800,0.800,0.667,0.667,0.500,0.500,0.000,0.000,0.000
97,12951565.736,4,4,372,0,0,0,0,0,0.043,372,380,0.001,0.545,0.545,0.600,0.600,0.444,0.250,0.250,0.250,0.000,0.545,0.545,0.600,0.600,0.444,0.250,0.250,0.250,0.000
98,12951565.809,2,2,360,0,0,0,0,0,0.031,360,372,0.036,0.667,0.667,0.667,0.571,0.333,0.333,0.000,0.000,0.000,0.667,0.667,0.667,0.571,0.333,0.333,0.000,0.000,0.000
99,12951565.880,5,5,363,0,0,0,0,0,0.039,363,360,0.049,0.500,0.500,0.500,0.545,0.000,0.000,0.000,0.000,0.000,0.500,0.500,0.500,0.545,0.000,0.000,0.000,0.000,0.000
100,12951565.953,5,5,356,0,0,0,0,0,0.045,356,363,0.023,0.545,0.545,0.545,0.600,0.444,0.250,0.000,0.000,0.000,0.545,0.545,0.545,0.600,0.444,0.250,0.000,0.000,0.000
101,12951566.027,5,5,372,0,0,0,0,0,0.048,372,356,0.096,0.444,0.444,0.444,0.500,0.500,0.500,0.500,0.286,0.286,0.444,0.444,0.444,0.500,0.500,0.500,0.500,0.286,0.286
102,12951566.100,2,2,350,0,0,0,0,0,0.026,350,372,0.082,0.571,0.571,0.571,0.571,0.571,0.571,0.571,0.333,0.000,0.571,0.571,0.571,0.571,0.571,0.571,0.571,0.333,0.000
103,12951566.171,2,2,348,0,0,0,0,0,0.029,348,350,0.092,0.667,0.667,0.667,0.667,0.400,0.400,0.400,0.000,0.000,0.667,0.667,0.667,0.667,0.400,0.400,0.400,0.000,0.000
104,12951566.246,2,2,352,0,0,0,0,0,0.031,352,348,0.113,0.444,0.444,0.444,0.250,0.250,0.250,0.000,0.000,0.000,0.444,0.444,0.444,0.250,0.250,0.250,0.000,0.000,0.000
105,12951566.391,2,2,360,0,0,0,0,0,0.039,360,352,0.023,0.364,0.364,0.200,0.000,0.000,0.000,0.000,0.000,0.000,0.364,0.364,0.200,0.000,0.000,0.000,0.000,0.000,0.000
106,12951566.465,2,2,357,0,0,0,0,0,0.045,357,360,0.107,0.667,0.667,0.400,0.250,0.250,0.250,0.000,0.000,0.000,0.667,0.667,0.400,0.250,0.250,0.250,0.000,0.000,0.000
107,12951566.539,2,2,348,0,0,0,0,0,0.046,348,357,0.036,0.500,0.500,0.400,0.222,0.222,0.222,0.222,0.222,0.000,0.500,0.500,0.400,0.222,0.222,0.222,0.222,0.222,0.000
108,12951566.612,2,2,360,0,0,0,0,0,0.033,360,348,0.061,0.545,0.545,0.400,0.222,0.222,0.222,0.222,0.222,0.222,0.545,0.545,0.400,0.222,0.222,0.222,0.222,0.222,0.222
109,12951566.685,2,2,357,0,0,0,0,0,0.034,357,360,0.067,0.727,0.727,0.600,0.250,0.250,0.250,0.250,0.250,0.250,0.727,0.727,0.600,0.250,0.250,0.250,0.250,0.250,0.250
110,12951566.757,2,2,354,0,0,0,0,0,0.042,354,357,0.032,0.600,0.444,0.444,0.250,0.250,0.250,0.250,0.250,0.250,0.600,0.444,0.444,0.250,0.250,0.250,0.250,0.250,0.250
111,12951566.831,2,2,363,0,0,0,0,0,0.028,363,354,0.053,0.800,0.800,0.667,0.500,0.500,0.286,0.286,0.286,0.000,0.800,0.800,0.667,0.500,0.500,0.286,0.286,0.286,0.000
112,12951566.905,2,2,352,0,0,0,0,0,0.031,352,363,0.041,0.545,0.545,0.545,0.400,0.222,0.000,0.000,0.000,0.000,0.545,0.545,0.545,0.400,0.222,0.000,0.000,0.000,0.000
113,12951566.978,2,2,364,0,0,0,0,0,0.041,364,352,0.043,0.600,0.600,0.444,0.250,0.250,0.000,0.000,0.000,0.000,0.600,0.600,0.444,0.250,0.250,0.000,0.000,0.000,0.000
114,12951567.049,2,2,354,0,0,0,0,0,0.048,354,364,0.032,0.545,0.545,0.545,0.545,0.545,0.222,0.222,0.000,0.000,0.545,0.545,0.545,0.545,0.545,0.222,0.222,0.000,0.000
115,12951567.125,2,2,374,0,0,0,0,0,0.029,374,354,0.013,0.571,0.571,0.571,0.333,0.333,0.333,0.333,0.000,0.000,0.571,0.571,0.571,0.333,0.333,0.333,0.333,0.000,0.000
116,12951567.199,2,2,382,0,0,0,0,0,0.042,382,374,0.172,0.667,0.667,0.667,0.286,0.286,0.286,0.286,0.286,0.286,0.667,0.667,0.667,0.286,0.286,0.286,0.286,0.286,0.286
117,12951567.272,2,2,379,0,0,0,0,0,0.029,379,382,0.059,0.800,0.800,0.667,0.667,0.286,0.286,0.286,0.286,0.286,0.800,0.800,0.667,0.667,0.286,0.286,0.286,0.286,0.286
118,12951567.345,2,2,382,0,0,0,0,0,0.026,382,379,0.020,0.600,0.600,0.444,0.444,0.444,0.250,0.250,0.000,0.000,0.600,0.600,0.444,0.444,0.444,0.250,0.250,0.000,0.000
119,12951567.417,2,2,372,0,0,0,0,0,0.038,372,382,0.015,0.600,0.600,0.600,0.444,0.444,0.250,0.250,0.250,0.000,0.600,0.600,0.600,0.444,0.444,0.250,0.250,0.250,0.000
120,12951567.491,4,4,372,0,0,0,0,0,0.035,372,372,0.006,0.400,0.400,0.444,0.250,0.250,0.250,0.250,0.250,0.000,0.400,0.400,0.444,0.250,0.250,0.250,0.250,0.250,0.000
121,12951567.565,2,2,378,0,0,0,0,0,0.040,378,372,0.031,0.667,0.667,0.500,0.500,0.500,0.500,0.500,0.286,0.286,0.667,0.667,0.500,0.500,0.500,0.500,0.500,0.286,0.286
122,12951567.638,2,2,372,0,0,0,0,0,0.032,372,378,0.074,0.600,0.600,0.600,0.444,0.444,0.250,0.250,0.250,0.000,0.600,0.600,0.600,0.444,0.444,0.250,0.250,0.250,0.000
123,12951567.710,2,2,379,0,0,0,0,0,0.045,379,372,0.027,0.727,0.727,0.600,0.600,0.444,0.250,0.000,0.000,0.000,0.727,0.727,0.600,0.600,0.444,0.250,0.000,0.000,0.000
124,12951567.785,2,2,374,0,0,0,0,0,0.037,374,379,0.039,0.750,0.750,0.750,0.750,0.750,0.571,0.571,0.333,0.000,0.750,0.750,0.750,0.750,0.750,0.571,0.571,0.333,0.000
125,12951567.858,2,2,385,0,0,0,0,0,0.031,385,374,0.101,0.750,0.750,0.750,0.750,0.571,0.571,0.571,0.571,0.333,0.750,0.750,0.750,0.750,0.571,0.571,0.571,0.571,0.333
126,12951567.932,2,2,374,0,0,0,0,0,0.043,374,385,0.063,0.750,0.750,0.750,0.571,0.571,0.571,0.333,0.333,0.333,0.750,0.750,0.750,0.571,0.571,0.571,0.333,0.333,0.333
127,12951568.005,3,3,384,0,0,0,0,0,0.049,384,374,0.032,0.600,0.667,0.667,0.667,0.667,0.500,0.500,0.286,0.286,0.600,0.667,0.667,0.667,0.667,0.500,0.500,0.286,0.286
128,12951568.079,5,5,375,0,0,0,0,0,0.043,375,384,0.116,0.545,0.545,0.545,0.600,0.444,0.250,0.250,0.250,0.250,0.545,0.545,0.545,0.600,0.444,0.250,0.250,0.250,0.250
129,12951568.152,2,2,382,0,0,0,0,0,0.034,382,375,0.077,0.500,0.500,0.500,0.500,0.500,0.500,0.500,0.286,0.286,0.500,0.500,0.500,0.500,0.500,0.500,0.250,0.286,0.286
130,12951568.227,4,4,365,0,0,0,0,0,0.047,365,382,0.090,0.400,0.400,0.444,0.444,0.444,0.444,0.444,0.250,0.000,0.400,0.400,0.444,0.444,0.444,0.444,0.444,0.250,0.000
131,12951568.300,2,2,357,0,0,0,0,0,0.053,357,365,0.072,0.727,0.727,0.600,0.444,0.444,0.444,0.444,0.250,0.250,0.727,0.727,0.600,0.444,0.444,0.444,0.444,0.250,0.250
132,12951568.374,2,2,374,0,0,0,0,0,0.035,374,357,0.172,0.833,0.833,0.727,0.727,0.600,0.444,0.444,0.444,0.444,0.833,0.833,0.727,0.727,0.600,0.444,0.444,0.444,0.444
133,12951568.450,2,2,386,0,0,0,0,0,0.041,386,374,0.116,0.667,0.667,0.667,0.667,0.667,0.500,0.500,0.500,0.000,0.667,0.667,0.667,0.667,0.667,0.500,0.500,0.500,0.000
134,12951568.522,2,2,368,0,0,0,0,0,0.041,368,386,0.103,0.444,0.444,0.250,0.286,0.286,0.286,0.286,0.286,0.286,0.444,0.444,0.250,0.286,0.286,0.286,0.286,0.286,0.286
135,12951568.594,2,2,385,0,0,0,0,0,0.039,385,368,0.187,0.727,0.727,0.600,0.444,0.444,0.250,0.250,0.000,0.000,0.727,0.727,0.600,0.444,0.444,0.250,0.250,0.000,0.000
136,12951568.670,3,3,369,0,0,0,0,0,0.046,369,385,0.084,0.727,0.800,0.667,0.500,0.286,0.286,0.000,0.000,0.000,0.727,0.800,0.667,0.500,0.286,0.286,0.000,0.000,0.000
137,12951568.744,2,2,380,0,0,0,0,0,0.047,380,369,0.021,0.667,0.667,0.667,0.667,0.286,0.286,0.286,0.286,0.286,0.667,0.667,0.667,0.667,0.286,0.286,0.286,0.286,0.286
138,12951568.817,2,2,367,0,0,0,0,0,0.044,367,380,0.108,0.727,0.727,0.600,0.444,0.250,0.250,0.250,0.250,0.250,0.727,0.727,0.600,0.444,0.250,0.250,0.250,0.250,0.000
139,12951568.889,2,2,365,0,0,0,0,0,0.036,365,367,0.043,0.444,0.444,0.444,0.444,0.250,0.250,0.250,0.250,0.250,0.444,0.444,0.444,0.444,0.250,0.250,0.250,0.250,0.250
140,12951568.964,2,2,380,0,0,0,0,0,0.037,380,365,0.048,0.667,0.667,0.667,0.500,0.286,0.286,0.286,0.286,0.000,0.667,0.667,0.667,0.500,0.286,0.286,0.286,0.000,0.000
141,12951569.038,2,2,386,0,0,0,0,0,0.044,386,380,0.020,0.727,0.600,0.600,0.600,0.444,0.250,0.250,0.250,0.000,0.727,0.600,0.600,0.600,0.444,0.250,0.250,0.250,0.000
142,12951569.112,2,2,372,0,0,0,0,0,0.059,372,386,0.502,0.889,0.889,0.889,0.571,0.571,0.571,0.333,0.333,0.333,0.889,0.889,0.889,0.571,0.571,0.571,0.333,0.333,0.333
143,12951569.184,2,2,380,0,0,0,0,0,0.042,380,372,0.049,0.500,0.500,0.500,0.500,0.500,0.286,0.286,0.286,0.286,0.500,0.500,0.500,0.500,0.500,0.286,0.286,0.286,0.286
144,12951569.256,2,2,372,0,0,0,0,0,0.048,372,380,0.203,0.667,0.667,0.667,0.500,0.500,0.500,0.500,0.286,0.286,0.667,0.667,0.667,0.500,0.500,0.500,0.500,0.286,0.286
145,12951569.332,4,4,371,0,0,0,0,0,0.057,371,372,0.098,0.545,0.545,0.667,0.667,0.500,0.500,0.286,0.286,0.286,0.545,0.545,0.667,0.667,0.500,0.500,0.286,0.286,0.286
146,12951569.405,5,5,362,0,0,0,0,0,0.041,362,371,0.075,0.500,0.500,0.500,0.571,0.571,0.571,0.333,0.000,0.000,0.500,0.500,0.500,0.571,0.571,0.571,0.333,0.000,0.000
147,12951569.478,2,2,364,0,0,0,0,0,0.038,364,362,0.110,0.667,0.667,0.500,0.500,0.500,0.286,0.286,0.286,0.000,0.667,0.667,0.500,0.500,0.500,0.286,0.286,0.286,0.000
148,12951569.550,2,2,376,0,0,0,0,0,0.045,376,364,0.049,0.800,0.800,0.667,0.500,0.500,0.286,0.286,0.286,0.286,0.800,0.800,0.667,0.500,0.500,0.286,0.286,0.286,0.286
149,12951569.624,3,3,364,0,0,0,0,0,0.047,364,376,0.029,0.545,0.600,0.600,0.600,0.500,0.000,0.000,0.000,0.000,0.545,0.600,0.600,0.600,0.500,0.000,0.000,0.000,0.000
150,12951569.697,5,5,391,0,0,0,0,0,0.046,391,364,0.001,0.545,0.545,0.545,0.667,0.286,0.286,0.286,0.286,0.000,0.545,0.545,0.545,0.667,0.286,0.286,0.286,0.286,0.000
151,12951569.771,5,5,366,0,0,0,0,0,0.041,366,391,0.068,0.444,0.444,0.500,0.571,0.333,0.333,0.000,0.000,0.000,0.444,0.444,0.500,0.571,0.333,0.000,0.000,0.000,0.000
152,12951569.843,3,3,376,0,0,0,0,0,0.045,376,366,0.165,0.727,0.800,0.800,0.571,0.333,0.333,0.333,0.333,0.333,0.727,0.800,0.800,0.571,0.333,0.333,0.333,0.333,0.333
153,12951569.917,3,3,379,0,0,0,0,0,0.045,379,376,0.117,0.600,0.750,0.750,0.750,0.571,0.333,0.333,0.333,0.000,0.600,0.750,0.750,0.750,0.571,0.333,0.333,0.333,0.000
154,12951569.991,2,2,378,0,0,0,0,0,0.048,378,379,0.003,0.750,0.750,0.750,0.750,0.750,0.000,0.000,0.000,0.000,0.750,0.750,0.750,0.750,0.750,0.000,0.000,0.000,0.000
155,12951570.063,2,2,379,0,0,0,0,0,0.055,379,378,0.129,0.800,0.800,0.750,0.750,0.750,0.750,0.000,0.000,0.000,0.800,0.800,0.750,0.750,0.750,0.750,0.000,0.000,0.000
156,12951570.135,2,2,374,0,0,0,0,0,0.043,374,379,0.107,0.750,0.750,0.750,0.750,0.750,0.571,0.333,0.333,0.000,0.750,0.750,0.750,0.750,0.750,0.571,0.333,0.333,0.000
157,12951570.210,4,4,367,0,0,0,0,0,0.046,367,374,0.195,0.600,0.600,0.667,0.500,0.500,0.286,0.286,0.286,0.000,0.600,0.600,0.667,0.500,0.500,0.286,0.286,0.286,0.000
158,12951570.284,2,2,371,0,0,0,0,0,0.038,371,367,0.063,0.600,0.600,0.600,0.600,0.444,0.250,0.250,0.250,0.000,0.600,0.600,0.600,0.600,0.444,0.250,0.250,0.250,0.000
159,12951570.356,2,2,363,0,0,0,0,0,0.036,363,371,0.056,0.600,0.600,0.500,0.500,0.500,0.000,0.000,0.000,0.000,0.600,0.600,0.500,0.500,0.500,0.000,0.000,0.000,0.000
160,12951570.428,2,2,359,0,0,0,0,0,0.039,359,363,0.019,0.667,0.667,0.545,0.600,0.250,0.000,0.000,0.000,0.000,0.667,0.667,0.545,0.600,0.250,0.000,0.000,0.000,0.000
161,12951570.503,2,2,362,0,0,0,0,0,0.036,362,359,0.026,0.727,0.727,0.600,0.600,0.444,0.250,0.000,0.000,0.000,0.727,0.727,0.600,0.600,0.444,0.250,0.000,0.000,0.000
162,12951570.578,2,2,354,0,0,0,0,0,0.040,354,362,0.141,0.444,0.444,0.444,0.444,0.444,0.250,0.000,0.000,0.000,0.444,0.444,0.444,0.444,0.444,0.250,0.000,0.000,0.000
163,12951570.652,6,6,354,0,0,0,0,0,0.048,354,354,0.130,0.500,0.500,0.500,0.500,0.571,0.333,0.333,0.333,0.000,0.500,0.500,0.500,0.500,0.571,0.333,0.333,0.333,0.000
164,12951570.722,2,2,354,0,0,0,0,0,0.051,354,354,0.114,0.800,0.667,0.500,0.500,0.500,0.500,0.500,0.500,0.286,0.800,0.667,0.500,0.500,0.500,0.500,0.500,0.500,0.286
165,12951570.794,4,4,363,0,0,0,0,0,0.044,363,354,0.097,0.600,0.600,0.667,0.500,0.500,0.500,0.500,0.286,0.286,0.600,0.600,0.667,0.500,0.500,0.250,0.250,0.286,0.286
166,12951570.870,2,2,362,0,0,0,0,0,0.041,362,363,0.185,0.667,0.500,0.500,0.500,0.500,0.500,0.286,0.286,0.286,0.667,0.500,0.500,0.500,0.500,0.500,0.286,0.286,0.286
167,12951570.943,2,2,350,0,0,0,0,0,0.054,350,362,0.117,0.667,0.667,0.600,0.600,0.444,0.444,0.250,0.250,0.250,0.667,0.667,0.600,0.600,0.444,0.444,0.250,0.250,0.250
168,12951571.015,2,2,365,0,0,0,0,0,0.047,365,350,0.313,0.800,0.800,0.800,0.800,0.500,0.500,0.500,0.000,0.000,0.800,0.800,0.800,0.800,0.500,0.500,0.500,0.000,0.000
169,12951571.086,3,3,359,0,0,0,0,0,0.050,359,365,0.148,0.545,0.600,0.600,0.444,0.444,0.250,0.250,0.000,0.000,0.545,0.600,0.600,0.444,0.444,0.250,0.250,0.000,0.000
170,12951571.160,2,2,360,0,0,0,0,0,0.044,360,359,0.147,0.667,0.667,0.667,0.500,0.500,0.500,0.500,0.286,0.000,0.667,0.667,0.667,0.500,0.500,0.500,0.500,0.286,0.000
171,12951571.234,2,2,370,0,0,0,0,0,0.041,370,360,0.111,0.600,0.600,0.600,0.600,0.444,0.444,0.444,0.250,0.250,0.600,0.600,0.600,0.600,0.444,0.444,0.444,0.250,0.250
172,12951571.307,5,5,361,0,0,0,0,0,0.039,361,370,0.086,0.400,0.400,0.444,0.500,0.500,0.286,0.286,0.286,0.000,0.400,0.400,0.444,0.500,0.500,0.286,0.286,0.286,0.000
173,12951571.379,2,2,376,0,0,0,0,0,0.043,376,361,0.142,0.667,0.667,0.500,0.500,0.500,0.500,0.286,0.286,0.286,0.667,0.667,0.500,0.500,0.500,0.250,0.000,0.000,0.000
174,12951571.526,2,2,370,0,0,0,0,0,0.038,370,376,0.191,0.750,0.750,0.750,0.750,0.750,0.333,0.333,0.333,0.333,0.750,0.750,0.750,0.750,0.750,0.333,0.333,0.333,0.333
175,12951571.599,2,2,373,0,0,0,0,0,0.046,373,370,0.073,0.667,0.667,0.500,0.500,0.500,0.500,0.500,0.500,0.500,0.667,0.667,0.500,0.500,0.500,0.500,0.500,0.500,0.500
176,12951571.672,2,2,380,0,0,0,0,0,0.039,380,373,0.092,0.857,0.857,0.857,0.667,0.667,0.667,0.667,0.667,0.333,0.857,0.857,0.857,0.667,0.667,0.667,0.667,0.667,0.333
177,12951571.747,2,2,373,0,0,0,0,0,0.064,373,380,0.147,0.800,0.800,0.800,0.800,0.500,0.500,0.500,0.500,0.500,0.800,0.800,0.800,0.800,0.500,0.500,0.500,0.500,0.500
178,12951571.820,2,2,369,0,0,0,0,0,0.049,369,373,0.241,0.667,0.667,0.667,0.667,0.500,0.500,0.500,0.500,0.500,0.667,0.667,0.667,0.667,0.500,0.500,0.500,0.500,0.500
179,12951571.894,2,2,384,0,0,0,0,0,0.062,384,369,0.217,0.769,0.769,0.545,0.545,0.545,0.400,0.444,0.444,0.444,0.769,0.769,0.545,0.545,0.545,0.400,0.444,0.444,0.444
180,12951571.968,2,2,377,0,0,0,0,0,0.061,377,384,0.167,0.727,0.727,0.727,0.600,0.600,0.600,0.600,0.600,0.444,0.727,0.727,0.727,0.600,0.600,0.600,0.600,0.600,0.444
181,12951572.042,2,2,360,0,0,0,0,0,0.053,360,377,0.217,0.727,0.727,0.727,0.600,0.600,0.600,0.600,0.600,0.444,0.727,0.727,0.727,0.600,0.600,0.600,0.600,0.600,0.444
182,12951572.115,2,2,371,0,0,0,0,0,0.054,371,360,0.096,0.727,0.727,0.727,0.600,0.600,0.444,0.444,0.250,0.250,0.727,0.727,0.727,0.600,0.600,0.444,0.444,0.250,0.250
183,12951572.189,3,3,393,0,0,0,0,0,0.061,393,371,0.101,0.600,0.667,0.667,0.500,0.500,0.500,0.500,0.500,0.500,0.600,0.667,0.667,0.500,0.500,0.500,0.500,0.500,0.500
184,12951572.261,2,2,396,0,0,0,0,0,0.068,396,393,0.181,0.727,0.727,0.727,0.600,0.600,0.444,0.444,0.444,0.444,0.727,0.727,0.727,0.600,0.600,0.444,0.444,0.444,0.444
185,12951572.333,2,2,377,0,0,0,0,0,0.048,377,396,0.215,0.667,0.667,0.667,0.667,0.667,0.667,0.667,0.667,0.286,0.667,0.667,0.667,0.667,0.667,0.667,0.667,0.667,0.286
186,12951572.409,2,2,380,0,0,0,0,0,0.061,380,377,0.257,0.667,0.667,0.667,0.667,0.667,0.667,0.667,0.500,0.500,0.667,0.667,0.667,0.667,0.667,0.667,0.667,0.500,0.500
187,12951572.482,4,4,384,0,0,0,0,0,0.052,384,380,0.210,0.727,0.800,0.889,0.750,0.750,0.571,0.571,0.571,0.333,0.727,0.800,0.889,0.750,0.750,0.571,0.571,0.571,0.333
188,12951572.554,5,5,384,0,0,0,0,0,0.060,384,384,0.215,0.727,0.727,0.727,0.800,0.667,0.667,0.500,0.286,0.286,0.727,0.727,0.727,0.800,0.667,0.667,0.500,0.286,0.286
189,12951572.627,5,5,378,0,0,0,0,0,0.048,378,384,0.060,0.444,0.444,0.444,0.500,0.500,0.500,0.500,0.286,0.286,0.444,0.444,0.444,0.500,0.500,0.500,0.500,0.286,0.286
190,12951572.701,6,6,379,0,0,0,0,0,0.053,379,378,0.181,0.667,0.667,0.667,0.667,0.750,0.750,0.571,0.333,0.333,0.667,0.667,0.667,0.667,0.750,0.750,0.571,0.333,0.333
191,12951572.775,6,6,384,0,0,0,0,0,0.068,384,379,0.160,0.571,0.571,0.500,0.600,0.667,0.500,0.500,0.500,0.500,0.571,0.571,0.500,0.600,0.667,0.500,0.500,0.500,0.500
192,12951572.848,5,5,379,0,0,0,0,0,0.061,379,384,0.381,0.600,0.600,0.600,0.667,0.667,0.667,0.667,0.667,0.500,0.600,0.600,0.600,0.667,0.667,0.667,0.667,0.667,0.500
193,12951572.919,5,5,386,0,0,0,0,0,0.052,386,379,0.217,0.545,0.545,0.600,0.667,0.667,0.667,0.667,0.667,0.667,0.545,0.545,0.600,0.667,0.667,0.667,0.667,0.667,0.667
194,12951572.994,5,5,372,0,0,0,0,0,0.056,372,386,0.227,0.667,0.667,0.667,0.750,0.750,0.750,0.750,0.750,0.571,0.667,0.667,0.667,0.750,0.750,0.750,0.750,0.750,0.571
195,12951573.068,5,5,375,0,0,0,0,0,0.053,375,372,0.295,0.500,0.500,0.500,0.571,0.571,0.571,0.571,0.571,0.571,0.500,0.500,0.500,0.571,0.571,0.571,0.571,0.571,0.571
196,12951573.142,2,7,371,0,0,0,0,0,0.049,371,375,0.283,0.667,0.667,0.667,0.667,0.667,0.500,0.500,0.500,0.500,0.444,0.444,0.444,0.444,0.444,0.500,0.500,0.500,0.500
197,12951573.213,2,2,387,0,0,0,0,0,0.054,387,371,0.322,0.800,0.800,0.667,0.667,0.750,0.750,0.750,0.333,0.333,0.800,0.800,0.667,0.667,0.750,0.750,0.750,0.333,0.333
198,12951573.286,4,4,378,0,0,0,0,0,0.050,378,387,0.095,0.600,0.600,0.667,0.667,0.667,0.500,0.500,0.286,0.286,0.600,0.600,0.667,0.667,0.667,0.500,0.500,0.286,0.286
199,12951573.360,2,2,368,0,0,0,0,0,0.038,368,378,0.161,0.800,0.800,0.667,0.667,0.667,0.500,0.500,0.286,0.286,0.800,0.800,0.667,0.667,0.667,0.500,0.500,0.286,0.286
200,12951573.432,2,2,383,0,0,0,0,0,0.057,383,368,0.225,0.727,0.727,0.727,0.600,0.600,0.600,0.600,0.250,0.250,0.727,0.727,0.727,0.600,0.600,0.600,0.600,0.250,0.250
201,12951573.505,6,6,385,0,0,0,0,0,0.065,385,383,0.281,0.500,0.500,0.545,0.545,0.600,0.600,0.600,0.444,0.444,0.500,0.500,0.545,0.545,0.600,0.600,0.600,0.444,0.444
202,12951573.578,2,2,367,0,0,0,0,0,0.049,367,385,0.177,0.727,0.727,0.600,0.600,0.600,0.444,0.444,0.444,0.250,0.727,0.727,0.600,0.600,0.600,0.444,0.444,0.444,0.250
203,12951573.650,2,2,380,0,0,0,0,0,0.050,380,367,0.331,0.667,0.667,0.667,0.667,0.667,0.500,0.500,0.286,0.286,0.667,0.667,0.667,0.667,0.667,0.500,0.500,0.286,0.286
204,12951573.797,2,2,385,0,0,0,0,0,0.062,385,380,0.097,0.600,0.600,0.600,0.600,0.600,0.600,0.444,0.444,0.444,0.600,0.600,0.600,0.600,0.600,0.600,0.444,0.444,0.444
205,12951573.869,2,2,370,0,0,0,0,0,0.049,370,385,0.253,0.750,0.750,0.571,0.571,0.571,0.571,0.571,0.333,0.333,0.750,0.750,0.571,0.571,0.571,0.571,0.571,0.333,0.333
206,12951573.945,2,2,373,0,0,0,0,0,0.056,373,370,0.304,0.600,0.600,0.600,0.600,0.444,0.444,0.444,0.250,0.250,0.600,0.600,0.600,0.600,0.444,0.444,0.444,0.250,0.250
207,12951574.017,2,2,382,0,0,0,0,0,0.045,382,373,0.140,0.727,0.727,0.600,0.600,0.600,0.444,0.444,0.250,0.250,0.727,0.727,0.600,0.600,0.600,0.444,0.444,0.250,0.250
208,12951574.089,2,2,383,0,0,0,0,0,0.044,383,382,0.225,0.600,0.600,0.600,0.600,0.444,0.444,0.444,0.250,0.250,0.600,0.600,0.600,0.600,0.444,0.444,0.444,0.250,0.250
209,12951574.163,2,2,380,0,0,0,0,0,0.042,380,383,0.091,0.600,0.600,0.444,0.444,0.444,0.444,0.444,0.444,0.444,0.600,0.600,0.444,0.444,0.444,0.444,0.444,0.444,0.444
210,12951574.238,2,2,364,0,0,0,0,0,0.047,364,380,0.245,0.727,0.727,0.727,0.727,0.600,0.600,0.444,0.444,0.250,0.727,0.727,0.727,0.727,0.600,0.600,0.444,0.444,0.250
211,12951574.311,2,2,375,0,0,0,0,0,0.056,375,364,0.249,0.600,0.600,0.600,0.600,0.600,0.600,0.600,0.444,0.250,0.400,0.400,0.400,0.400,0.400,0.400,0.400,0.222,0.250
212,12951574.384,2,2,366,0,0,0,0,0,0.063,366,375,0.381,0.833,0.833,0.600,0.600,0.600,0.600,0.600,0.600,0.444,0.833,0.833,0.600,0.600,0.600,0.600,0.600,0.600,0.444
213,12951574.457,2,2,368,0,0,0,0,0,0.054,368,366,0.410,0.667,0.667,0.667,0.500,0.500,0.500,0.500,0.500,0.500,0.667,0.667,0.667,0.500,0.500,0.500,0.500,0.500,0.500
214,12951574.531,2,2,359,0,0,0,0,0,0.053,359,368,0.129,0.800,0.800,0.800,0.667,0.667,0.500,0.500,0.500,0.286,0.800,0.800,0.800,0.667,0.667,0.500,0.500,0.500,0.286
215,12951574.606,2,2,361,0,0,0,0,0,0.053,361,359,0.193,0.727,0.727,0.727,0.600,0.600,0.600,0.600,0.444,0.250,0.727,0.727,0.727,0.600,0.600,0.600,0.600,0.444,0.250
216,12951574.679,2,2,357,0,0,0,0,0,0.042,357,361,0.270,0.667,0.667,0.667,0.667,0.667,0.667,0.500,0.500,0.286,0.667,0.667,0.667,0.667,0.667,0.667,0.500,0.500,0.286
217,12951574.750,2,2,366,0,0,0,0,0,0.046,366,357,0.237,0.750,0.750,0.750,0.750,0.750,0.750,0.571,0.333,0.333,0.750,0.750,0.750,0.750,0.750,0.750,0.571,0.333,0.333
218,12951574.824,2,2,357,0,0,0,0,0,0.042,357,366,0.211,0.857,0.667,0.667,0.667,0.667,0.667,0.667,0.333,0.400,0.857,0.667,0.667,0.667,0.667,0.667,0.667,0.333,0.400
219,12951574.897,2,2,363,0,0,0,0,0,0.036,363,357,0.101,0.500,0.500,0.500,0.500,0.500,0.500,0.500,0.500,0.500,0.500,0.500,0.500,0.500,0.500,0.500,0.500,0.500,0.500
220,12951574.970,3,3,376,0,0,0,0,0,0.051,376,363,0.359,0.600,0.667,0.667,0.667,0.667,0.500,0.500,0.500,0.500,0.600,0.667,0.667,0.667,0.667,0.500,0.500,0.500,0.500
221,12951575.043,5,5,371,0,0,0,0,0,0.049,371,376,0.092,0.600,0.600,0.600,0.667,0.667,0.500,0.500,0.500,0.500,0.600,0.600,0.600,0.667,0.667,0.500,0.500,0.500,0.250
222,12951575.117,3,3,358,0,0,0,0,0,0.053,358,371,0.297,0.545,0.600,0.600,0.600,0.600,0.500,0.500,0.500,0.500,0.545,0.600,0.600,0.600,0.600,0.500,0.500,0.500,0.500
223,12951575.191,2,2,348,0,0,0,0,0,0.037,348,358,0.163,0.667,0.667,0.500,0.500,0.333,0.333,0.333,0.333,0.333,0.667,0.667,0.500,0.500,0.333,0.333,0.333,0.333,0.333
224,12951575.266,3,3,354,0,0,0,0,0,0.045,354,348,0.146,0.600,0.667,0.667,0.286,0.500,0.500,0.500,0.500,0.286,0.600,0.667,0.667,0.286,0.250,0.250,0.250,0.250,0.286
225,12951575.338,4,7,362,0,0,0,0,0,0.047,362,354,0.248,0.667,0.667,0.750,0.750,0.750,0.571,0.571,0.571,0.571,0.444,0.444,0.500,0.500,0.500,0.571,0.571,0.571,0.571
226,12951575.411,2,2,361,0,0,0,0,0,0.033,361,362,0.263,0.571,0.571,0.571,0.571,0.571,0.571,0.571,0.571,0.571,0.571,0.571,0.571,0.571,0.571,0.571,0.571,0.571,0.571
227,12951575.486,2,2,359,0,0,0,0,0,0.042,359,361,0.242,0.889,0.889,0.571,0.571,0.571,0.571,0.571,0.571,0.571,0.889,0.889,0.571,0.571,0.571,0.571,0.571,0.571,0.571
228,12951575.560,4,4,358,0,0,0,0,0,0.053,358,359,0.251,0.750,0.750,0.857,0.667,0.667,0.667,0.667,0.667,0.400,0.750,0.750,0.857,0.667,0.667,0.667,0.667,0.667,0.400
229,12951575.632,2,2,378,0,0,0,0,0,0.058,378,358,0.284,0.667,0.667,0.667,0.571,0.571,0.571,0.571,0.571,0.571,0.667,0.667,0.667,0.571,0.571,0.571,0.571,0.571,0.571
230,12951575.707,4,4,375,0,0,0,0,0,0.059,375,378,0.370,0.500,0.500,0.571,0.571,0.571,0.571,0.571,0.571,0.571,0.500,0.500,0.571,0.571,0.571,0.571,0.571,0.571,0.571
231,12951575.781,2,2,377,0,0,0,0,0,0.048,377,375,0.318,0.600,0.600,0.500,0.571,0.571,0.571,0.571,0.571,0.571,0.600,0.600,0.500,0.571,0.571,0.571,0.571,0.571,0.571
232,12951575.854,5,5,360,0,0,0,0,0,0.058,360,377,0.276,0.500,0.500,0.500,0.571,0.571,0.571,0.571,0.571,0.571,0.500,0.500,0.500,0.571,0.571,0.571,0.571,0.571,0.571
233,12951575.929,2,2,379,0,0,0,0,0,0.066,379,360,0.085,0.500,0.500,0.500,0.500,0.500,0.500,0.500,0.500,0.500,0.500,0.500,0.500,0.500,0.500,0.500,0.500,0.500,0.500
234,12951576.002,4,4,374,0,0,0,0,0,0.043,374,379,0.212,0.667,0.667,0.800,0.800,0.800,0.800,0.800,0.800,0.800,0.667,0.667,0.800,0.800,0.800,0.800,0.800,0.800,0.800
235,12951576.076,2,2,364,0,0,0,0,0,0.055,364,374,0.281,0.857,0.857,0.667,0.667,0.667,0.667,0.667,0.667,0.667,0.857,0.857,0.667,0.667,0.667,0.667,0.667,0.667,0.667
236,12951576.150,2,2,360,0,0,0,0,0,0.047,360,364,0.240,1.000,1.000,1.000,0.800,0.800,0.800,0.800,0.800,0.800,1.000,1.000,1.000,0.800,0.800,0.800,0.800,0.800,0.800
237,12951576.223,2,2,369,0,0,0,0,0,0.060,369,360,0.223,0.545,0.400,0.444,0.500,0.500,0.500,0.500,0.500,0.500,0.545,0.400,0.444,0.500,0.500,0.500,0.500,0.500,0.500
238,12951576.295,2,2,369,0,0,0,0,0,0.051,369,369,0.206,0.667,0.667,0.667,0.500,0.571,0.571,0.571,0.571,0.571,0.667,0.667,0.667,0.500,0.571,0.571,0.571,0.571,0.571
239,12951576.371,5,5,370,0,0,0,0,0,0.049,370,369,0.129,0.286,0.286,0.286,0.333,0.333,0.333,0.333,0.333,0.333,0.286,0.286,0.286,0.333,0.333,0.333,0.333,0.333,0.333
240,12951576.445,2,2,366,0,0,0,0,0,0.066,366,370,0.263,0.727,0.727,0.500,0.500,0.500,0.500,0.500,0.500,0.500,0.727,0.727,0.500,0.500,0.500,0.500,0.500,0.500,0.500
241,12951576.518,2,5,372,0,0,0,0,0,0.046,372,366,0.088,0.571,0.571,0.571,0.571,0.571,0.571,0.571,0.571,0.571,0.286,0.286,0.286,0.571,0.571,0.571,0.571,0.571,0.571
242,12951576.591,5,5,387,0,0,0,0,0,0.054,387,372,0.079,0.444,0.444,0.444,0.500,0.500,0.500,0.500,0.500,0.500,0.444,0.444,0.444,0.500,0.500,0.500,0.500,0.500,0.500
243,12951576.666,2,2,381,0,0,0,0,0,0.052,381,387,0.106,0.500,0.500,0.500,0.500,0.500,0.500,0.500,0.500,0.500,0.500,0.500,0.500,0.500,0.500,0.500,0.500,0.500,0.500
244,12951576.740,4,4,371,0,0,0,0,0,0.051,371,381,0.129,0.500,0.500,0.571,0.571,0.571,0.571,0.571,0.571,0.571,0.500,0.500,0.571,0.571,0.571,0.571,0.571,0.571,0.571
245,12951576.816,5,5,373,0,0,0,0,0,0.054,373,371,0.203,0.500,0.500,0.500,0.571,0.571,0.571,0.571,0.571,0.571,0.500,0.500,0.500,0.571,0.571,0.571,0.571,0.571,0.571
246,12951576.888,2,2,380,0,0,0,0,0,0.053,380,373,0.117,0.667,0.667,0.500,0.500,0.571,0.571,0.571,0.571,0.571,0.667,0.667,0.500,0.500,0.571,0.571,0.571,0.571,0.571
247,12951576.959,5,5,368,0,0,0,0,0,0.071,368,380,0.331,0.571,0.571,0.571,0.667,0.667,0.667,0.667,0.667,0.667,0.286,0.286,0.286,0.333,0.333,0.333,0.333,0.333,0.333
248,12951577.034,2,2,373,0,0,0,0,0,0.062,373,368,0.264,0.667,0.667,0.667,0.667,0.667,0.667,0.667,0.667,0.667,0.667,0.667,0.667,0.667,0.667,0.667,0.667,0.667,0.667
249,12951577.108,5,5,373,0,0,0,0,0,0.046,373,373,0.166,0.333,0.333,0.333,0.400,0.400,0.400,0.400,0.400,0.400,0.333,0.333,0.333,0.400,0.400,0.400,0.400,0.400,0.400
250,12951577.181,5,5,376,0,0,0,0,0,0.051,376,373,0.241,0.500,0.500,0.571,0.667,0.667,0.667,0.667,0.667,0.667,0.500,0.500,0.571,0.667,0.667,0.667,0.667,0.667,0.667
251,12951577.254,5,5,368,0,0,0,0,0,0.046,368,376,0.136,0.286,0.286,0.286,0.400,0.400,0.400,0.400,0.400,0.400,0.286,0.286,0.286,0.400,0.400,0.400,0.400,0.400,0.400
252,12951577.328,2,2,372,0,0,0,0,0,0.056,372,368,0.227,0.750,0.750,0.571,0.667,0.667,0.667,0.667,0.667,0.667,0.750,0.750,0.571,0.667,0.667,0.667,0.667,0.667,0.667
253,12951577.401,2,7,374,0,0,0,0,0,0.059,374,372,0.291,0.500,0.500,0.500,0.500,0.500,0.500,0.500,0.500,0.500,0.250,0.250,0.250,0.250,0.250,0.500,0.500,0.500,0.500
254,12951577.474,6,6,359,0,0,0,0,0,0.047,359,374,0.119,0.444,0.444,0.444,0.500,0.571,0.571,0.571,0.571,0.571,0.444,0.444,0.444,0.500,0.571,0.571,0.571,0.571,0.571
255,12951577.545,2,2,382,0,0,0,0,0,0.058,382,359,0.089,0.600,0.600,0.444,0.444,0.500,0.500,0.500,0.500,0.500,0.600,0.600,0.444,0.444,0.500,0.500,0.500,0.500,0.500
256,12951577.620,2,2,393,0,0,0,0,0,0.061,393,382,0.149,0.727,0.727,0.600,0.667,0.500,0.500,0.500,0.500,0.500,0.545,0.545,0.400,0.444,0.250,0.250,0.250,0.500,0.500
257,12951577.693,5,5,367,0,0,0,0,0,0.038,367,393,0.177,0.571,0.571,0.571,0.667,0.667,0.667,0.667,0.667,0.667,0.571,0.571,0.571,0.667,0.667,0.667,0.667,0.667,0.667
258,12951577.766,2,2,369,0,0,0,0,0,0.043,369,367,0.178,0.333,0.333,0.333,0.333,0.333,0.333,0.333,0.333,0.333,0.333,0.333,0.333,0.333,0.333,0.333,0.333,0.333,0.333
259,12951577.838,2,2,357,0,0,0,0,0,0.050,357,369,0.229,0.857,0.857,0.667,0.667,0.667,0.667,0.667,0.667,0.667,0.857,0.857,0.667,0.667,0.667,0.667,0.667,0.667,0.667
260,12951577.913,2,2,365,0,0,0,0,0,0.041,365,357,0.221,0.667,0.667,0.667,0.667,0.667,0.667,0.667,0.667,0.667,0.667,0.667,0.667,0.667,0.667,0.667,0.667,0.667,0.667
261,12951577.987,2,2,365,0,0,0,0,0,0.047,365,365,0.259,0.889,0.889,0.750,0.571,0.571,0.571,0.571,0.571,0.571,0.889,0.889,0.750,0.571,0.571,0.571,0.571,0.571,0.571
262,12951578.059,2,2,360,0,0,0,0,0,0.025,360,365,0.046,0.333,0.333,0.333,0.333,0.333,0.333,0.333,0.333,0.333,0.333,0.333,0.333,0.333,0.333,0.333,0.333,0.333,0.333
263,12951578.132,2,2,358,0,0,0,0,0,0.028,358,360,0.156,0.286,0.286,0.286,0.286,0.286,0.286,0.286,0.286,0.286,0.286,0.286,0.286,0.286,0.286,0.286,0.286,0.286,0.286
264,12951578.206,2,2,359,0,0,0,0,0,0.042,359,358,0.144,0.571,0.571,0.333,0.333,0.333,0.333,0.333,0.333,0.333,0.571,0.571,0.333,0.333,0.333,0.333,0.333,0.333,0.333
265,12951578.279,2,2,368,0,0,0,0,0,0.054,368,359,0.274,0.750,0.750,0.750,0.750,0.750,0.571,0.571,0.571,0.571,0.750,0.750,0.750,0.750,0.750,0.571,0.571,0.571,0.571
266,12951578.353,2,2,357,0,0,0,0,0,0.036,357,368,0.157,0.571,0.571,0.571,0.571,0.571,0.333,0.333,0.333,0.333,0.571,0.571,0.571,0.571,0.571,0.333,0.333,0.333,0.333
267,12951578.424,2,2,376,0,0,0,0,0,0.051,376,357,0.234,0.800,0.800,0.667,0.500,0.500,0.500,0.500,0.500,0.500,0.800,0.800,0.667,0.500,0.500,0.500,0.500,0.500,0.500
268,12951578.497,2,2,363,0,0,0,0,0,0.039,363,376,0.163,0.750,0.750,0.750,0.571,0.333,0.333,0.333,0.333,0.333,0.750,0.750,0.750,0.571,0.333,0.333,0.333,0.333,0.333
269,12951578.571,2,2,376,0,0,0,0,0,0.045,376,363,0.218,0.800,0.667,0.667,0.667,0.500,0.500,0.500,0.500,0.286,0.800,0.667,0.667,0.667,0.500,0.500,0.500,0.500,0.286
270,12951578.716,2,2,367,0,0,0,0,0,0.035,367,376,0.159,0.571,0.571,0.571,0.571,0.571,0.571,0.571,0.571,0.571,0.571,0.571,0.571,0.571,0.571,0.571,0.571,0.571,0.571
271,12951578.788,2,2,350,0,0,0,0,0,0.037,350,367,0.196,0.750,0.750,0.571,0.571,0.333,0.333,0.333,0.333,0.333,0.750,0.750,0.571,0.571,0.333,0.333,0.333,0.333,0.333
272,12951578.862,2,2,363,0,0,0,0,0,0.030,363,350,0.172,0.750,0.750,0.750,0.571,0.571,0.333,0.333,0.333,0.333,0.750,0.750,0.750,0.571,0.571,0.333,0.333,0.333,0.333
273,12951578.935,2,2,370,0,0,0,0,0,0.049,370,363,0.177,0.750,0.750,0.750,0.571,0.333,0.333,0.333,0.333,0.333,0.750,0.750,0.750,0.571,0.333,0.333,0.333,0.333,0.333
274,12951579.008,2,2,357,0,0,0,0,0,0.036,357,370,0.150,0.750,0.750,0.750,0.571,0.571,0.571,0.571,0.571,0.571,0.750,0.750,0.750,0.571,0.571,0.571,0.571,0.571,0.571
275,12951579.080,2,2,368,0,0,0,0,0,0.041,368,357,0.139,0.800,0.800,0.667,0.500,0.500,0.500,0.500,0.500,0.500,0.800,0.800,0.667,0.500,0.500,0.500,0.500,0.500,0.500
276,12951579.153,4,4,359,0,0,0,0,0,0.045,359,368,0.219,0.500,0.500,0.571,0.571,0.571,0.571,0.571,0.571,0.571,0.500,0.500,0.571,0.571,0.571,0.571,0.571,0.571,0.571
277,12951579.228,2,2,359,0,0,0,0,0,0.045,359,359,0.123,0.500,0.500,0.500,0.500,0.333,0.333,0.333,0.333,0.333,0.500,0.500,0.500,0.500,0.333,0.333,0.333,0.333,0.333
278,12951579.300,6,6,349,0,0,0,0,0,0.037,349,359,0.020,0.500,0.500,0.500,0.500,0.571,0.333,0.333,0.333,0.333,0.500,0.500,0.500,0.500,0.571,0.333,0.333,0.333,0.333
279,12951579.372,2,2,346,0,0,0,0,0,0.049,346,349,0.122,0.500,0.500,0.500,0.500,0.286,0.286,0.286,0.286,0.286,0.000,0.000,0.000,0.000,0.000,0.000,0.000,0.000,0.000
280,12951579.447,2,2,363,0,0,0,0,0,0.039,363,346,0.066,0.667,0.667,0.286,0.500,0.500,0.286,0.286,0.286,0.286,0.667,0.667,0.286,0.250,0.500,0.286,0.286,0.286,0.286
281,12951579.520,2,2,363,0,0,0,0,0,0.025,363,363,0.117,0.571,0.571,0.571,0.333,0.333,0.333,0.333,0.333,0.333,0.571,0.571,0.571,0.333,0.333,0.333,0.333,0.333,0.333
282,12951579.593,2,2,353,0,0,0,0,0,0.017,353,363,0.109,0.333,0.333,0.333,0.333,0.333,0.333,0.333,0.333,0.333,0.333,0.333,0.333,0.333,0.333,0.333,0.333,0.333,0.333
283,12951579.667,2,2,361,0,0,0,0,0,0.022,361,353,0.053,0.571,0.571,0.333,0.333,0.333,0.333,0.333,0.333,0.333,0.571,0.571,0.333,0.333,0.333,0.333,0.333,0.333,0.333
284,12951579.741,2,2,364,0,0,0,0,0,0.036,364,361,0.088,0.500,0.500,0.500,0.500,0.286,0.286,0.286,0.286,0.286,0.500,0.500,0.500,0.500,0.286,0.286,0.286,0.286,0.286
285,12951579.814,2,2,362,0,0,0,0,0,0.028,362,364,0.073,0.667,0.667,0.500,0.667,0.500,0.286,0.286,0.286,0.286,0.667,0.667,0.500,0.667,0.500,0.286,0.286,0.286,0.286
286,12951579.888,2,2,361,0,0,0,0,0,0.039,361,362,0.125,0.500,0.500,0.500,0.500,0.500,0.286,0.286,0.286,0.286,0.500,0.500,0.500,0.500,0.500,0.286,0.286,0.286,0.286
287,12951579.960,2,2,355,0,0,0,0,0,0.028,355,361,0.070,0.500,0.500,0.500,0.500,0.500,0.286,0.286,0.286,0.286,0.500,0.500,0.500,0.500,0.500,0.286,0.286,0.286,0.286
288,12951580.032,2,2,361,0,0,0,0,0,0.025,361,355,0.027,0.286,0.286,0.286,0.286,0.286,0.286,0.286,0.286,0.000,0.286,0.286,0.286,0.286,0.286,0.286,0.286,0.286,0.000
289,12951580.108,2,2,368,0,0,0,0,0,0.030,368,361,0.007,0.667,0.667,0.500,0.500,0.500,0.286,0.286,0.286,0.286,0.667,0.667,0.500,0.500,0.500,0.286,0.286,0.286,0.286
290,12951580.182,2,2,363,0,0,0,0,0,0.030,363,368,0.099,0.667,0.667,0.667,0.667,0.667,0.667,0.500,0.500,0.286,0.667,0.667,0.667,0.667,0.667,0.667,0.500,0.250,0.286
291,12951580.254,2,2,369,0,0,0,0,0,0.035,369,363,0.067,0.667,0.667,0.667,0.667,0.500,0.500,0.500,0.500,0.286,0.667,0.667,0.667,0.667,0.500,0.500,0.500,0.500,0.286
292,12951580.328,2,2,368,0,0,0,0,0,0.027,368,369,0.056,0.800,0.800,0.667,0.667,0.500,0.500,0.500,0.500,0.286,0.800,0.800,0.667,0.667,0.500,0.500,0.250,0.250,0.286
293,12951580.403,2,2,368,0,0,0,0,0,0.038,368,368,0.071,0.667,0.667,0.667,0.286,0.286,0.286,0.500,0.500,0.286,0.667,0.667,0.667,0.286,0.286,0.286,0.500,0.500,0.286
294,12951580.477,2,2,373,0,0,0,0,0,0.032,373,368,0.019,0.750,0.750,0.750,0.750,0.571,0.571,0.571,0.333,0.333,0.750,0.750,0.750,0.750,0.571,0.571,0.571,0.333,0.333
295,12951580.551,2,2,365,0,0,0,0,0,0.038,365,373,0.094,0.571,0.571,0.571,0.571,0.571,0.571,0.571,0.333,0.333,0.571,0.571,0.571,0.571,0.571,0.571,0.571,0.333,0.333
296,12951580.622,2,2,360,0,0,0,0,0,0.033,360,365,0.019,0.750,0.750,0.750,0.571,0.571,0.571,0.333,0.333,0.333,0.500,0.500,0.500,0.286,0.286,0.286,0.333,0.333,0.333
297,12951580.696,2,2,365,0,0,0,0,0,0.041,365,360,0.039,0.750,0.750,0.750,0.750,0.571,0.571,0.571,0.333,0.333,0.750,0.750,0.750,0.750,0.571,0.286,0.286,0.333,0.333
298,12951580.772,2,2,364,0,0,0,0,0,0.036,364,365,0.071,0.750,0.750,0.750,0.750,0.750,0.571,0.571,0.333,0.333,0.750,0.750,0.750,0.750,0.750,0.571,0.571,0.333,0.333
299,12951580.846,2,2,385,0,0,0,0,0,0.034,385,364,0.101,0.750,0.750,0.750,0.750,0.750,0.571,0.333,0.333,0.333,0.750,0.750,0.750,0.750,0.750,0.571,0.333,0.333,0.333
300,12951580.917,2,2,363,0,0,0,0,0,0.028,363,385,0.068,0.750,0.750,0.750,0.750,0.750,0.333,0.333,0.333,0.333,0.750,0.750,0.750,0.750,0.750,0.333,0.333,0.333,0.333
301,12951580.993,2,2,368,0,0,0,0,0,0.038,368,363,0.029,0.750,0.750,0.750,0.750,0.750,0.571,0.571,0.333,0.333,0.750,0.750,0.750,0.750,0.750,0.571,0.571,0.333,0.333
302,12951581.067,2,2,368,0,0,0,0,0,0.043,368,368,0.012,0.571,0.571,0.571,0.571,0.571,0.571,0.333,0.333,0.333,0.571,0.571,0.571,0.571,0.571,0.571,0.333,0.333,0.333
303,12951581.141,2,2,350,0,0,0,0,0,0.026,350,368,0.097,0.750,0.750,0.750,0.750,0.750,0.571,0.571,0.333,0.333,0.750,0.750,0.750,0.750,0.750,0.571,0.571,0.333,0.333
304,12951581.214,2,6,357,0,0,0,0,0,0.022,357,350,0.001,0.571,0.571,0.571,0.571,0.333,0.333,0.000,0.000,0.000,0.286,0.286,0.286,0.286,0.333,0.333,0.000,0.000,0.000
305,12951581.289,2,2,366,0,0,0,0,0,0.027,366,357,0.033,0.750,0.750,0.571,0.571,0.333,0.333,0.333,0.333,0.333,0.750,0.750,0.571,0.571,0.333,0.333,0.333,0.333,0.333
306,12951581.363,2,2,364,0,0,0,0,0,0.030,364,366,0.033,0.750,0.750,0.750,0.750,0.750,0.571,0.333,0.333,0.333,0.750,0.750,0.750,0.750,0.750,0.571,0.333,0.333,0.333
307,12951581.437,2,2,358,0,0,0,0,0,0.031,358,364,0.051,0.857,0.857,0.857,0.857,0.400,0.400,0.400,0.400,0.400,0.857,0.857,0.857,0.857,0.400,0.400,0.400,0.400,0.400
308,12951581.509,2,2,377,0,0,0,0,0,0.040,377,358,0.058,0.750,0.750,0.750,0.571,0.571,0.571,0.333,0.333,0.000,0.750,0.750,0.750,0.571,0.571,0.571,0.333,0.333,0.000
309,12951581.584,4,4,380,0,0,0,0,0,0.047,380,377,0.118,0.444,0.444,0.571,0.571,0.571,0.333,0.000,0.000,0.000,0.444,0.444,0.571,0.571,0.571,0.333,0.000,0.000,0.000
310,12951581.660,2,2,366,0,0,0,0,0,0.019,366,380,0.028,0.571,0.571,0.571,0.571,0.333,0.333,0.333,0.000,0.000,0.571,0.571,0.571,0.571,0.333,0.333,0.333,0.000,0.000
311,12951581.733,3,3,383,0,0,0,0,0,0.037,383,366,0.043,0.500,0.571,0.571,0.571,0.571,0.571,0.571,0.571,0.000,0.500,0.571,0.571,0.571,0.571,0.571,0.571,0.571,0.000
312,12951581.804,6,6,376,0,0,0,0,0,0.027,376,383,0.024,0.500,0.500,0.500,0.500,0.571,0.571,0.571,0.333,0.333,0.500,0.500,0.500,0.500,0.571,0.571,0.571,0.333,0.333
313,12951581.881,2,2,372,0,0,0,0,0,0.030,372,376,0.028,0.889,0.889,0.750,0.571,0.571,0.571,0.333,0.000,0.000,0.889,0.889,0.750,0.571,0.571,0.571,0.333,0.000,0.000
314,12951581.955,2,2,380,0,0,0,0,0,0.037,380,372,0.090,0.750,0.750,0.750,0.571,0.571,0.571,0.333,0.333,0.000,0.750,0.750,0.750,0.571,0.571,0.571,0.333,0.333,0.000
315,12951582.029,2,2,371,0,0,0,0,0,0.038,371,380,0.015,0.750,0.750,0.750,0.750,0.571,0.571,0.333,0.333,0.000,0.750,0.750,0.750,0.750,0.571,0.571,0.333,0.333,0.000
316,12951582.100,2,2,364,0,0,0,0,0,0.030,364,371,0.006,0.750,0.750,0.750,0.750,0.750,0.571,0.333,0.333,0.333,0.750,0.750,0.750,0.750,0.750,0.571,0.333,0.333,0.333
317,12951582.172,4,4,362,0,0,0,0,0,0.030,362,364,0.046,0.500,0.500,0.571,0.571,0.333,0.333,0.333,0.333,0.000,0.500,0.500,0.571,0.571,0.333,0.333,0.333,0.333,0.000
318,12951582.246,2,2,358,0,0,0,0,0,0.028,358,362,0.024,0.333,0.333,0.333,0.333,0.333,0.333,0.000,0.000,0.000,0.333,0.333,0.333,0.333,0.333,0.333,0.000,0.000,0.000
319,12951582.320,2,2,365,0,0,0,0,0,0.041,365,358,0.182,0.857,0.857,0.857,0.667,0.400,0.400,0.400,0.400,0.400,0.857,0.857,0.857,0.667,0.400,0.400,0.400,0.400,0.400
320,12951582.392,2,2,357,0,0,0,0,0,0.042,357,365,0.116,0.750,0.750,0.750,0.750,0.750,0.571,0.571,0.333,0.333,0.750,0.750,0.750,0.750,0.750,0.571,0.571,0.333,0.333
321,12951582.462,2,2,359,0,0,0,0,0,0.028,359,357,0.220,0.750,0.750,0.750,0.750,0.750,0.750,0.750,0.333,0.333,0.750,0.750,0.750,0.750,0.750,0.750,0.750,0.333,0.333
322,12951582.537,2,2,375,0,0,0,0,0,0.040,375,359,0.052,0.857,0.857,0.857,0.667,0.667,0.400,0.400,0.400,0.400,0.857,0.857,0.857,0.667,0.667,0.400,0.400,0.400,0.400
323,12951582.611,2,2,382,0,0,0,0,0,0.047,382,375,0.016,0.750,0.750,0.750,0.750,0.750,0.750,0.571,0.571,0.571,0.750,0.750,0.750,0.750,0.750,0.750,0.571,0.571,0.571
324,12951582.682,2,6,369,0,0,0,0,0,0.033,369,382,0.096,0.750,0.750,0.750,0.750,0.750,0.750,0.571,0.333,0.333,0.500,0.500,0.500,0.500,0.750,0.750,0.571,0.333,0.333
325,12951582.754,3,3,376,0,0,0,0,0,0.029,376,369,0.048,0.500,0.571,0.571,0.571,0.333,0.333,0.000,0.000,0.000,0.500,0.571,0.571,0.571,0.333,0.333,0.000,0.000,0.000
326,12951582.828,2,2,379,0,0,0,0,0,0.037,379,376,0.061,0.571,0.571,0.571,0.571,0.571,0.000,0.000,0.000,0.000,0.571,0.571,0.571,0.571,0.571,0.000,0.000,0.000,0.000
327,12951582.902,2,2,373,0,0,0,0,0,0.021,373,379,0.037,0.571,0.571,0.571,0.000,0.000,0.000,0.000,0.000,0.000,0.571,0.571,0.571,0.000,0.000,0.000,0.000,0.000,0.000
328,12951582.975,2,2,370,0,0,0,0,0,0.046,370,373,0.005,0.571,0.571,0.571,0.333,0.333,0.000,0.000,0.000,0.000,0.571,0.571,0.571,0.333,0.333,0.000,0.000,0.000,0.000
329,12951583.046,2,2,373,0,0,0,0,0,0.035,373,370,0.046,0.571,0.571,0.571,0.571,0.571,0.571,0.571,0.333,0.333,0.571,0.571,0.571,0.571,0.571,0.571,0.571,0.333,0.333
330,12951583.121,2,2,365,0,0,0,0,0,0.033,365,373,0.004,0.667,0.667,0.667,0.667,0.667,0.667,0.667,0.667,0.400,0.667,0.667,0.667,0.667,0.667,0.667,0.667,0.667,0.400
331,12951583.194,2,2,361,0,0,0,0,0,0.025,361,365,0.081,0.750,0.571,0.571,0.571,0.571,0.571,0.571,0.333,0.333,0.750,0.571,0.571,0.571,0.571,0.571,0.571,0.333,0.333
332,12951583.266,2,2,346,0,0,0,0,0,0.026,346,361,0.003,0.333,0.333,0.333,0.333,0.333,0.000,0.000,0.000,0.000,0.333,0.333,0.333,0.333,0.333,0.000,0.000,0.000,0.000
333,12951583.338,2,2,366,0,0,0,0,0,0.033,366,346,0.073,0.400,0.400,0.400,0.400,0.400,0.400,0.000,0.000,0.000,0.400,0.400,0.400,0.400,0.400,0.400,0.000,0.000,0.000
334,12951583.413,2,2,362,0,0,0,0,0,0.028,362,366,0.090,0.400,0.400,0.400,0.400,0.400,0.400,0.000,0.000,0.000,0.400,0.400,0.400,0.400,0.400,0.400,0.000,0.000,0.000
335,12951583.487,2,2,366,0,0,0,0,0,0.038,366,362,0.136,0.400,0.400,0.400,0.400,0.400,0.000,0.000,0.000,0.000,0.400,0.400,0.400,0.400,0.400,0.000,0.000,0.000,0.000
336,12951583.558,2,2,347,0,0,0,0,0,0.029,347,366,0.136,0.400,0.400,0.400,0.400,0.400,0.000,0.000,0.000,0.000,0.400,0.400,0.400,0.400,0.400,0.000,0.000,0.000,0.000
337,12951583.632,2,2,357,0,0,0,0,0,0.039,357,347,0.121,0.667,0.667,0.667,0.667,0.667,0.400,0.400,0.000,0.000,0.667,0.667,0.667,0.667,0.667,0.400,0.400,0.000,0.000
338,12951583.705,2,2,359,0,0,0,0,0,0.031,359,357,0.072,0.400,0.400,0.400,0.400,0.000,0.000,0.000,0.000,0.000,0.400,0.400,0.400,0.400,0.000,0.000,0.000,0.000,0.000
339,12951583.779,2,2,361,0,0,0,0,0,0.025,361,359,0.142,0.400,0.400,0.400,0.400,0.400,0.000,0.000,0.000,0.000,0.400,0.400,0.400,0.400,0.400,0.000,0.000,0.000,0.000
340,12951583.852,4,4,363,0,0,0,0,0,0.033,363,361,0.105,0.286,0.286,0.333,0.333,0.333,0.333,0.000,0.000,0.000,0.286,0.286,0.333,0.333,0.333,0.333,0.000,0.000,0.000
341,12951583.923,5,5,375,0,0,0,0,0,0.029,375,363,0.092,0.286,0.333,0.333,0.400,0.400,0.000,0.000,0.000,0.000,0.286,0.333,0.333,0.400,0.400,0.000,0.000,0.000,0.000
342,12951583.995,5,5,359,0,0,0,0,0,0.031,359,375,0.016,0.333,0.333,0.333,0.400,0.400,0.400,0.400,0.000,0.000,0.333,0.333,0.333,0.400,0.400,0.400,0.400,0.000,0.000
343,12951584.069,5,5,371,0,0,0,0,0,0.043,371,359,0.007,0.250,0.286,0.286,0.333,0.333,0.333,0.333,0.333,0.000,0.250,0.286,0.286,0.333,0.333,0.333,0.333,0.333,0.000
344,12951584.143,4,4,353,0,0,0,0,0,0.034,353,371,0.030,0.500,0.500,0.571,0.333,0.333,0.333,0.000,0.000,0.000,0.500,0.500,0.571,0.333,0.333,0.333,0.000,0.000,0.000
345,12951584.286,2,2,377,0,0,0,0,0,0.048,377,353,0.029,0.500,0.500,0.500,0.333,0.333,0.333,0.000,0.000,0.000,0.500,0.500,0.500,0.333,0.333,0.333,0.000,0.000,0.000
346,12951584.360,2,2,378,0,0,0,0,0,0.042,378,377,0.082,0.500,0.500,0.500,0.286,0.333,0.333,0.000,0.000,0.000,0.500,0.500,0.500,0.286,0.333,0.333,0.000,0.000,0.000
347,12951584.434,6,6,370,0,0,0,0,0,0.035,370,378,0.071,0.250,0.250,0.286,0.286,0.333,0.000,0.000,0.000,0.000,0.250,0.250,0.286,0.286,0.333,0.000,0.000,0.000,0.000
348,12951584.507,2,2,365,0,0,0,0,0,0.041,365,370,0.040,0.444,0.444,0.250,0.000,0.000,0.000,0.000,0.000,0.000,0.222,0.222,0.000,0.000,0.000,0.000,0.000,0.000,0.000
349,12951584.579,4,4,393,0,0,0,0,0,0.038,393,365,0.014,0.444,0.444,0.500,0.333,0.000,0.000,0.000,0.000,0.000,0.444,0.444,0.500,0.333,0.000,0.000,0.000,0.000,0.000
350,12951584.653,4,4,374,0,0,0,0,0,0.048,374,393,0.121,0.444,0.444,0.500,0.500,0.286,0.000,0.000,0.000,0.333,0.444,0.444,0.500,0.500,0.286,0.000,0.000,0.000,0.000
351,12951584.727,2,2,371,0,0,0,0,0,0.040,371,374,0.036,0.333,0.333,0.333,0.333,0.333,0.000,0.000,0.000,0.000,0.333,0.333,0.333,0.333,0.333,0.000,0.000,0.000,0.000
352,12951584.800,2,2,383,0,0,0,0,0,0.050,383,371,0.085,0.500,0.500,0.500,0.500,0.500,0.500,0.333,0.333,0.000,0.500,0.500,0.500,0.500,0.500,0.500,0.333,0.333,0.000
353,12951584.872,2,2,379,0,0,0,0,0,0.040,379,383,0.015,0.571,0.571,0.571,0.571,0.000,0.000,0.000,0.000,0.000,0.571,0.571,0.571,0.571,0.000,0.000,0.000,0.000,0.000
354,12951584.947,4,4,373,0,0,0,0,0,0.043,373,379,0.102,0.444,0.444,0.500,0.500,0.500,0.500,0.333,0.000,0.000,0.444,0.444,0.500,0.500,0.500,0.500,0.333,0.000,0.000
355,12951585.021,6,6,386,0,0,0,0,0,0.044,386,373,0.060,0.250,0.286,0.286,0.286,0.333,0.333,0.333,0.000,0.000,0.250,0.286,0.286,0.286,0.333,0.333,0.333,0.000,0.000
356,12951585.095,4,4,384,0,0,0,0,0,0.042,384,386,0.066,0.444,0.444,0.500,0.286,0.286,0.333,0.333,0.000,0.000,0.444,0.444,0.500,0.286,0.286,0.333,0.333,0.000,0.000
357,12951585.169,4,4,378,0,0,0,0,0,0.042,378,384,0.047,0.444,0.444,0.500,0.500,0.500,0.286,0.333,0.333,0.000,0.444,0.444,0.500,0.500,0.500,0.286,0.333,0.333,0.000
358,12951585.244,5,5,381,0,0,0,0,0,0.031,381,378,0.023,0.444,0.444,0.444,0.500,0.333,0.333,0.333,0.333,0.000,0.444,0.444,0.444,0.500,0.333,0.333,0.333,0.333,0.000
359,12951585.318,5,5,370,0,0,0,0,0,0.032,370,381,0.077,0.500,0.500,0.500,0.571,0.333,0.333,0.000,0.000,0.000,0.500,0.500,0.500,0.571,0.333,0.333,0.000,0.000,0.000
360,12951585.392,5,5,390,0,0,0,0,0,0.041,390,370,0.028,0.500,0.500,0.500,0.571,0.571,0.571,0.333,0.000,0.000,0.500,0.500,0.500,0.571,0.571,0.571,0.333,0.000,0.000
361,12951585.465,6,6,379,0,0,0,0,0,0.047,379,390,0.022,0.500,0.500,0.500,0.500,0.571,0.333,0.333,0.333,0.333,0.500,0.500,0.500,0.500,0.571,0.333,0.333,0.333,0.333
362,12951585.538,2,2,375,0,0,0,0,0,0.037,375,379,0.017,0.500,0.500,0.500,0.286,0.286,0.333,0.333,0.333,0.000,0.500,0.500,0.500,0.286,0.286,0.333,0.333,0.333,0.000
363,12951585.613,4,4,384,0,0,0,0,0,0.044,384,375,0.050,0.444,0.444,0.500,0.286,0.286,0.333,0.333,0.333,0.000,0.444,0.444,0.500,0.286,0.286,0.333,0.333,0.333,0.000
364,12951585.687,2,2,378,0,0,0,0,0,0.045,378,384,0.092,0.444,0.444,0.444,0.286,0.333,0.333,0.333,0.333,0.333,0.444,0.444,0.444,0.286,0.333,0.333,0.333,0.333,0.333
365,12951585.758,5,5,377,0,0,0,0,0,0.045,377,378,0.077,0.222,0.222,0.250,0.333,0.333,0.333,0.333,0.333,0.333,0.222,0.222,0.250,0.333,0.333,0.333,0.333,0.333,0.333
366,12951585.833,2,2,367,0,0,0,0,0,0.035,367,377,0.116,0.500,0.500,0.286,0.400,0.400,0.400,0.400,0.400,0.400,0.500,0.500,0.286,0.400,0.400,0.400,0.400,0.400,0.400
367,12951585.908,4,4,373,0,0,0,0,0,0.046,373,367,0.001,0.444,0.444,0.500,0.333,0.333,0.333,0.333,0.000,0.000,0.444,0.444,0.500,0.333,0.333,0.333,0.333,0.000,0.000
368,12951585.981,2,2,376,0,0,0,0,0,0.040,376,373,0.053,0.500,0.500,0.500,0.333,0.333,0.333,0.000,0.000,0.000,0.500,0.500,0.500,0.333,0.333,0.000,0.000,0.000,0.000
369,12951586.055,2,2,366,0,0,0,0,0,0.036,366,376,0.121,0.571,0.571,0.571,0.571,0.571,0.333,0.333,0.333,0.000,0.571,0.571,0.571,0.571,0.571,0.333,0.333,0.333,0.000
370,12951586.126,4,4,386,0,0,0,0,0,0.044,386,366,0.128,0.286,0.286,0.400,0.400,0.400,0.400,0.400,0.000,0.000,0.286,0.286,0.400,0.400,0.400,0.400,0.400,0.000,0.000
371,12951586.201,6,6,379,0,0,0,0,0,0.029,379,386,0.016,0.286,0.286,0.286,0.333,0.400,0.400,0.400,0.000,0.000,0.286,0.286,0.286,0.333,0.400,0.400,0.400,0.000,0.000
372,12951586.276,2,2,364,0,0,0,0,0,0.036,364,379,0.053,0.500,0.500,0.286,0.333,0.333,0.000,0.000,0.000,0.000,0.500,0.500,0.286,0.333,0.333,0.000,0.000,0.000,0.000
373,12951586.349,5,5,379,0,0,0,0,0,0.037,379,364,0.216,0.500,0.500,0.500,0.571,0.333,0.333,0.333,0.333,0.333,0.250,0.250,0.250,0.571,0.333,0.333,0.333,0.333,0.333
374,12951586.420,2,2,376,0,0,0,0,0,0.024,376,379,0.035,0.571,0.571,0.571,0.571,0.571,0.571,0.333,0.000,0.000,0.571,0.571,0.571,0.571,0.571,0.571,0.333,0.000,0.000
375,12951586.495,7,7,382,0,0,0,0,0,0.042,382,376,0.060,0.500,0.500,0.333,0.333,0.333,0.571,0.333,0.333,0.000,0.500,0.500,0.333,0.333,0.333,0.571,0.333,0.333,0.000
376,12951586.569,2,2,359,0,0,0,0,0,0.028,359,382,0.157,0.667,0.667,0.667,0.667,0.667,0.667,0.667,0.000,0.000,0.667,0.667,0.667,0.667,0.667,0.667,0.667,0.000,0.000
377,12951586.642,2,2,374,0,0,0,0,0,0.035,374,359,0.059,0.667,0.667,0.571,0.571,0.571,0.571,0.571,0.333,0.000,0.667,0.667,0.571,0.571,0.571,0.571,0.571,0.333,0.000
378,12951586.715,2,2,363,0,0,0,0,0,0.022,363,374,0.062,0.333,0.333,0.333,0.333,0.333,0.333,0.333,0.000,0.000,0.333,0.333,0.333,0.333,0.333,0.333,0.333,0.000,0.000
379,12951586.790,4,4,362,0,0,0,0,0,0.019,362,363,0.085,0.333,0.333,0.400,0.400,0.000,0.000,0.000,0.000,0.000,0.333,0.333,0.400,0.400,0.000,0.000,0.000,0.000,0.000
380,12951586.862,5,5,368,0,0,0,0,0,0.027,368,362,0.004,0.250,0.286,0.286,0.571,0.571,0.000,0.000,0.000,0.000,0.250,0.286,0.286,0.571,0.571,0.000,0.000,0.000,0.000
381,12951586.936,2,2,372,0,0,0,0,0,0.032,372,368,0.028,0.500,0.500,0.333,0.333,0.333,0.333,0.000,0.000,0.000,0.500,0.500,0.333,0.333,0.333,0.333,0.000,0.000,0.000
382,12951587.008,4,4,362,0,0,0,0,0,0.028,362,372,0.022,0.500,0.500,0.571,0.400,0.400,0.400,0.000,0.000,0.000,0.500,0.500,0.571,0.400,0.400,0.400,0.000,0.000,0.000
383,12951587.080,5,5,368,0,0,0,0,0,0.030,368,362,0.071,0.333,0.333,0.333,0.400,0.400,0.400,0.400,0.000,0.000,0.333,0.333,0.333,0.400,0.400,0.400,0.400,0.000,0.000
384,12951587.155,2,2,367,0,0,0,0,0,0.025,367,368,0.048,0.571,0.333,0.333,0.333,0.333,0.333,0.000,0.000,0.000,0.571,0.333,0.333,0.333,0.333,0.333,0.000,0.000,0.000
385,12951587.227,4,4,360,0,0,0,0,0,0.025,360,367,0.088,0.571,0.571,0.667,0.667,0.333,0.000,0.000,0.000,0.000,0.571,0.571,0.667,0.667,0.333,0.000,0.000,0.000,0.000
386,12951587.299,6,6,360,0,0,0,0,0,0.019,360,360,0.020,0.000,0.000,0.000,0.000,0.333,0.000,0.000,0.000,0.000,0.000,0.000,0.000,0.000,0.333,0.000,0.000,0.000,0.000
387,12951587.375,6,6,353,0,0,0,0,0,0.040,353,360,0.092,0.286,0.286,0.286,0.286,0.333,0.333,0.000,0.000,0.000,0.286,0.286,0.286,0.286,0.333,0.333,0.000,0.000,0.000
388,12951587.449,2,2,356,0,0,0,0,0,0.034,356,353,0.116,0.667,0.667,0.667,0.667,0.667,0.400,0.400,0.000,0.000,0.667,0.667,0.667,0.667,0.667,0.400,0.400,0.000,0.000
389,12951587.522,4,4,367,0,0,0,0,0,0.041,367,356,0.148,0.667,0.667,0.750,0.750,0.750,0.571,0.333,0.333,0.000,0.667,0.667,0.750,0.750,0.750,0.571,0.333,0.333,0.000
390,12951587.595,2,2,361,0,0,0,0,0,0.033,361,367,0.074,0.750,0.750,0.750,0.750,0.750,0.571,0.000,0.000,0.000,0.750,0.750,0.750,0.750,0.750,0.571,0.000,0.000,0.000
391,12951587.666,2,2,358,0,0,0,0,0,0.028,358,361,0.170,0.667,0.667,0.667,0.400,0.400,0.400,0.400,0.000,0.000,0.667,0.667,0.667,0.400,0.400,0.400,0.400,0.000,0.000
392,12951587.741,2,2,338,0,0,0,0,0,0.033,338,358,0.012,0.667,0.667,0.667,0.667,0.400,0.400,0.400,0.400,0.000,0.667,0.667,0.667,0.667,0.400,0.400,0.400,0.400,0.000
393,12951587.815,2,2,358,0,0,0,0,0,0.031,358,338,0.194,0.667,0.667,0.667,0.667,0.400,0.667,0.400,0.400,0.400,0.667,0.667,0.667,0.667,0.400,0.667,0.400,0.400,0.400
394,12951587.886,2,2,345,0,0,0,0,0,0.026,345,358,0.059,0.857,0.667,0.667,0.667,0.667,0.400,0.400,0.400,0.400,0.857,0.667,0.667,0.667,0.667,0.400,0.400,0.400,0.400
395,12951588.033,4,4,347,0,0,0,0,0,0.037,347,345,0.264,0.750,0.750,0.857,0.400,0.400,0.400,0.400,0.400,0.400,0.750,0.750,0.857,0.400,0.400,0.400,0.400,0.400,0.000
396,12951588.106,3,3,354,0,0,0,0,0,0.031,354,347,0.015,0.667,0.750,0.750,0.667,0.400,0.400,0.400,0.400,0.400,0.667,0.750,0.750,0.667,0.400,0.400,0.400,0.400,0.400
397,12951588.179,2,2,350,0,0,0,0,0,0.029,350,354,0.010,0.400,0.400,0.400,0.400,0.400,0.400,0.400,0.400,0.400,0.400,0.400,0.400,0.400,0.400,0.400,0.400,0.400,0.400
398,12951588.253,2,2,358,0,0,0,0,0,0.034,358,350,0.238,1.000,1.000,1.000,0.500,0.500,0.000,0.000,0.000,0.000,1.000,1.000,1.000,0.500,0.500,0.000,0.000,0.000,0.000
399,12951588.326,2,2,339,0,0,0,0,0,0.032,339,358,0.301,0.750,0.571,0.667,0.667,0.400,0.400,0.000,0.000,0.000,0.750,0.571,0.667,0.667,0.400,0.400,0.000,0.000,0.000
400,12951588.400,2,2,356,0,0,0,0,0,0.037,356,339,0.192,0.571,0.571,0.571,0.333,0.400,0.000,0.000,0.000,0.000,0.571,0.571,0.571,0.333,0.400,0.000,0.000,0.000,0.000
401,12951588.473,2,2,357,0,0,0,0,0,0.020,357,356,0.036,0.000,0.000,0.000,0.000,0.000,0.000,0.000,0.000,0.000,0.000,0.000,0.000,0.000,0.000,0.000,0.000,0.000,0.000
402,12951588.546,2,2,378,0,0,0,0,0,0.045,378,357,0.214,0.750,0.750,0.667,0.667,0.667,0.667,0.400,0.400,0.400,0.750,0.750,0.667,0.667,0.667,0.667,0.400,0.400,0.400
403,12951588.620,5,5,371,0,0,0,0,0,0.032,371,378,0.162,0.750,0.750,0.750,0.857,0.667,0.667,0.400,0.400,0.400,0.750,0.750,0.750,0.857,0.667,0.667,0.400,0.400,0.400
404,12951588.694,5,5,371,0,0,0,0,0,0.040,371,371,0.187,0.750,0.750,0.750,0.857,0.857,0.667,0.667,0.400,0.400,0.750,0.750,0.750,0.857,0.857,0.667,0.667,0.400,0.400
405,12951588.767,2,2,365,0,0,0,0,0,0.036,365,371,0.158,0.857,0.857,0.857,0.857,0.667,0.667,0.667,0.667,0.400,0.857,0.857,0.857,0.857,0.667,0.667,0.667,0.667,0.400
406,12951588.839,4,4,371,0,0,0,0,0,0.054,371,365,0.307,0.444,0.500,0.667,0.667,0.667,0.400,0.400,0.400,0.400,0.444,0.500,0.667,0.667,0.667,0.400,0.400,0.400,0.400
407,12951588.915,3,3,370,0,0,0,0,0,0.051,370,371,0.130,0.750,0.857,0.857,0.857,0.667,0.400,0.400,0.400,0.400,0.750,0.857,0.857,0.857,0.667,0.400,0.400,0.400,0.400
408,12951588.989,4,4,362,0,0,0,0,0,0.047,362,370,0.206,0.800,0.889,1.000,1.000,0.667,0.667,0.667,0.667,0.400,0.800,0.889,1.000,1.000,0.667,0.667,0.667,0.667,0.400
409,12951589.061,5,5,366,0,0,0,0,0,0.038,366,362,0.287,0.800,0.800,0.800,1.000,0.857,0.667,0.400,0.400,0.400,0.800,0.800,0.800,1.000,0.857,0.667,0.400,0.400,0.400
410,12951589.135,5,5,368,0,0,0,0,0,0.043,368,366,0.221,0.800,0.800,0.800,0.857,0.667,0.667,0.667,0.400,0.400,0.800,0.800,0.800,0.857,0.667,0.667,0.667,0.400,0.400
411,12951589.206,5,5,368,0,0,0,0,0,0.041,368,368,0.003,0.571,0.571,0.667,0.800,0.800,0.800,0.500,0.500,0.500,0.571,0.571,0.667,0.800,0.800,0.800,0.500,0.500,0.500
412,12951589.281,2,2,362,0,0,0,0,0,0.044,362,368,0.220,0.750,0.750,0.750,0.667,0.667,0.400,0.400,0.400,0.400,0.750,0.750,0.750,0.667,0.667,0.400,0.400,0.400,0.400
413,12951589.355,4,4,366,0,0,0,0,0,0.033,366,362,0.242,0.000,0.000,0.400,0.400,0.400,0.400,0.000,0.000,0.000,0.000,0.000,0.400,0.400,0.400,0.400,0.000,0.000,0.000
414,12951589.427,2,2,370,0,0,0,0,0,0.030,370,366,0.106,0.400,0.400,0.400,0.400,0.400,0.400,0.400,0.400,0.000,0.400,0.400,0.400,0.400,0.400,0.400,0.400,0.400,0.000
415,12951589.500,4,4,373,0,0,0,0,0,0.043,373,370,0.136,0.571,0.571,0.667,0.667,0.667,0.667,0.667,0.400,0.400,0.571,0.571,0.667,0.667,0.667,0.667,0.667,0.400,0.400
416,12951589.576,5,5,363,0,0,0,0,0,0.039,363,373,0.254,0.750,0.750,0.750,0.857,0.667,0.667,0.667,0.667,0.667,0.750,0.750,0.750,0.857,0.667,0.667,0.667,0.667,0.667
417,12951589.649,6,6,372,0,0,0,0,0,0.040,372,363,0.242,0.500,0.571,0.571,0.571,0.667,0.667,0.667,0.400,0.400,0.500,0.571,0.571,0.571,0.667,0.667,0.667,0.400,0.400
418,12951589.721,2,2,371,0,0,0,0,0,0.030,371,372,0.050,0.857,0.857,0.857,0.667,0.667,0.667,0.667,0.667,0.667,0.857,0.857,0.857,0.667,0.667,0.667,0.667,0.667,0.667
419,12951589.794,3,3,371,0,0,0,0,0,0.035,371,371,0.313,0.667,0.800,0.800,0.800,0.800,0.800,0.800,0.500,0.000,0.667,0.800,0.800,0.800,0.800,0.800,0.800,0.500,0.000
420,12951589.868,2,2,377,0,0,0,0,0,0.045,377,371,0.297,0.667,0.667,0.667,0.667,0.667,0.667,0.667,0.667,0.400,0.667,0.667,0.667,0.667,0.667,0.667,0.667,0.667,0.400
421,12951589.943,8,9,378,0,0,0,0,0,0.037,378,377,0.186,0.400,0.400,0.500,0.500,0.500,0.500,0.800,0.800,0.800,0.400,0.400,0.500,0.500,0.500,0.500,0.400,0.800,0.800
422,12951590.016,2,2,366,0,0,0,0,0,0.030,366,378,0.250,0.500,0.500,0.500,0.500,0.500,0.500,0.500,0.500,0.500,0.500,0.500,0.500,0.500,0.500,0.500,0.500,0.500,0.500
423,12951590.089,2,2,381,0,0,0,0,0,0.031,381,366,0.030,0.667,0.667,0.667,0.667,0.667,0.667,0.667,0.667,0.667,0.667,0.667,0.667,0.667,0.667,0.667,0.667,0.667,0.667
424,12951590.162,2,2,368,0,0,0,0,0,0.022,368,381,0.227,0.800,0.800,0.800,0.500,0.500,0.500,0.500,0.500,0.000,0.800,0.800,0.800,0.500,0.500,0.500,0.500,0.500,0.000
425,12951590.237,2,2,366,0,0,0,0,0,0.022,366,368,0.264,1.000,1.000,1.000,1.000,0.800,0.800,0.500,0.000,0.000,1.000,1.000,1.000,1.000,0.800,0.800,0.500,0.000,0.000
426,12951590.310,2,2,369,0,0,0,0,0,0.022,369,366,0.242,1.000,1.000,1.000,1.000,1.000,0.800,0.800,0.500,0.000,1.000,1.000,1.000,1.000,1.000,0.800,0.800,0.500,0.000
427,12951590.382,2,2,364,0,0,0,0,0,0.025,364,369,0.240,1.000,1.000,1.000,1.000,1.000,0.800,0.800,0.500,0.500,1.000,1.000,1.000,1.000,1.000,0.800,0.800,0.500,0.500
428,12951590.455,4,4,373,0,0,0,0,0,0.027,373,364,0.270,0.667,0.667,0.857,0.667,0.667,0.667,0.667,0.667,0.400,0.333,0.333,0.857,0.667,0.667,0.667,0.667,0.667,0.400
429,12951590.528,2,2,372,0,0,0,0,0,0.030,372,373,0.241,0.800,0.800,0.800,0.800,0.800,0.800,0.800,0.800,0.800,0.800,0.800,0.800,0.800,0.800,0.800,0.800,0.800,0.800
430,12951590.601,2,8,377,0,0,0,0,0,0.032,377,372,0.238,0.857,0.667,0.667,0.667,0.667,0.667,0.667,0.667,0.667,0.571,0.333,0.333,0.333,0.333,0.333,0.667,0.667,0.667
431,12951590.746,2,2,368,0,0,0,0,0,0.030,368,377,0.208,0.857,0.857,0.857,0.667,0.667,0.667,0.667,0.667,0.667,0.857,0.857,0.857,0.667,0.667,0.667,0.667,0.667,0.667
432,12951590.820,2,2,382,0,0,0,0,0,0.037,382,368,0.302,0.857,0.857,0.857,0.857,0.667,0.667,0.667,0.667,0.000,0.857,0.857,0.857,0.857,0.667,0.667,0.667,0.667,0.000
433,12951590.893,2,2,369,0,0,0,0,0,0.033,369,382,0.225,0.857,0.857,0.857,0.857,0.857,0.857,0.400,0.400,0.400,0.857,0.857,0.857,0.857,0.857,0.857,0.400,0.400,0.400
434,12951590.966,2,2,378,0,0,0,0,0,0.024,378,369,0.364,0.857,0.857,0.667,0.667,0.667,0.667,0.400,0.400,0.400,0.857,0.857,0.667,0.667,0.667,0.667,0.400,0.400,0.400
435,12951591.040,2,2,386,0,0,0,0,0,0.047,386,378,0.310,0.857,0.857,0.857,0.857,0.857,0.857,0.857,0.857,0.667,0.857,0.857,0.857,0.857,0.857,0.857,0.857,0.571,0.667
436,12951591.115,2,2,367,0,0,0,0,0,0.046,367,386,0.270,0.857,0.857,0.857,0.857,0.857,0.857,0.857,0.857,0.857,0.857,0.857,0.857,0.857,0.857,0.857,0.857,0.857,0.857
437,12951591.188,2,2,359,0,0,0,0,0,0.036,359,367,0.286,0.857,0.857,0.857,0.857,0.857,0.857,0.857,0.571,0.571,0.857,0.857,0.857,0.857,0.857,0.857,0.857,0.571,0.571
438,12951591.260,2,2,369,0,0,0,0,0,0.033,369,359,0.283,0.857,0.857,0.857,0.857,0.857,0.857,0.667,0.667,0.400,0.857,0.857,0.857,0.857,0.857,0.857,0.667,0.667,0.400
439,12951591.333,2,2,381,0,0,0,0,0,0.024,381,369,0.163,0.857,0.857,0.857,0.857,0.667,0.400,0.400,0.400,0.400,0.857,0.857,0.857,0.857,0.667,0.400,0.400,0.400,0.400
440,12951591.407,2,2,372,0,0,0,0,0,0.046,372,381,0.293,0.857,0.857,0.857,0.857,0.857,0.857,0.857,0.667,0.400,0.857,0.857,0.857,0.857,0.857,0.857,0.857,0.667,0.400
441,12951591.481,2,2,367,0,0,0,0,0,0.033,367,372,0.324,0.857,0.857,0.857,0.857,0.857,0.857,0.857,0.857,0.857,0.857,0.857,0.857,0.857,0.857,0.857,0.857,0.571,0.571
442,12951591.555,2,2,366,0,0,0,0,0,0.030,366,367,0.257,0.857,0.857,0.857,0.857,0.857,0.857,0.857,0.400,0.400,0.857,0.857,0.857,0.857,0.857,0.857,0.857,0.400,0.400
443,12951591.701,2,2,370,0,0,0,0,0,0.030,370,366,0.247,0.857,0.857,0.857,0.857,0.857,0.857,0.857,0.667,0.400,0.857,0.857,0.857,0.857,0.857,0.857,0.857,0.667,0.400
444,12951591.776,2,2,364,0,0,0,0,0,0.036,364,370,0.177,0.857,0.857,0.857,0.857,0.857,0.857,0.667,0.400,0.400,0.857,0.857,0.857,0.857,0.857,0.857,0.667,0.400,0.400
445,12951591.849,2,2,353,0,0,0,0,0,0.017,353,364,0.093,0.667,0.667,0.667,0.667,0.667,0.400,0.400,0.000,0.000,0.667,0.667,0.667,0.667,0.667,0.400,0.400,0.000,0.000
446,12951591.921,2,2,351,0,0,0,0,0,0.026,351,353,0.054,0.857,0.857,0.857,0.857,0.400,0.400,0.000,0.000,0.000,0.857,0.857,0.857,0.857,0.400,0.400,0.000,0.000,0.000
447,12951591.997,2,2,353,0,0,0,0,0,0.028,353,351,0.197,0.857,0.857,0.857,0.857,0.857,0.400,0.000,0.000,0.000,0.857,0.857,0.857,0.857,0.857,0.400,0.000,0.000,0.000
448,12951592.071,2,2,359,0,0,0,0,0,0.031,359,353,0.162,0.857,0.857,0.857,0.857,0.667,0.667,0.667,0.400,0.400,0.857,0.857,0.857,0.857,0.667,0.667,0.667,0.400,0.400
449,12951592.144,2,2,354,0,0,0,0,0,0.028,354,359,0.187,0.857,0.857,0.857,0.857,0.667,0.667,0.000,0.000,0.000,0.857,0.857,0.857,0.857,0.667,0.667,0.000,0.000,0.000
450,12951592.218,2,2,349,0,0,0,0,0,0.037,349,354,0.188,0.857,0.857,0.667,0.400,0.400,0.400,0.400,0.400,0.400,0.857,0.857,0.667,0.400,0.400,0.400,0.400,0.400,0.400
451,12951592.291,2,2,362,0,0,0,0,0,0.036,362,349,0.239,0.857,0.857,0.857,0.667,0.667,0.667,0.400,0.400,0.400,0.857,0.857,0.857,0.667,0.667,0.667,0.400,0.400,0.400
452,12951592.364,2,2,356,0,0,0,0,0,0.028,356,362,0.141,0.857,0.857,0.857,0.667,0.667,0.667,0.400,0.400,0.000,0.857,0.857,0.857,0.667,0.667,0.667,0.400,0.400,0.000
453,12951592.439,2,2,368,0,0,0,0,0,0.024,368,356,0.035,0.857,0.857,0.857,0.857,0.857,0.667,0.400,0.400,0.400,0.857,0.857,0.857,0.857,0.857,0.667,0.400,0.400,0.400
454,12951592.511,2,2,359,0,0,0,0,0,0.017,359,368,0.151,0.667,0.667,0.667,0.667,0.667,0.400,0.400,0.400,0.400,0.667,0.667,0.667,0.667,0.667,0.400,0.400,0.400,0.400
455,12951592.585,2,2,364,0,0,0,0,0,0.025,364,359,0.190,0.667,0.667,0.667,0.667,0.667,0.667,0.667,0.667,0.667,0.667,0.667,0.667,0.667,0.667,0.667,0.667,0.667,0.667
456,12951592.661,2,2,359,0,0,0,0,0,0.039,359,364,0.205,0.857,0.857,0.857,0.857,0.857,0.857,0.857,0.857,0.400,0.857,0.857,0.857,0.857,0.857,0.857,0.857,0.857,0.400
457,12951592.733,2,2,352,0,0,0,0,0,0.034,352,359,0.186,0.800,0.800,0.800,0.800,0.800,0.500,0.500,0.500,0.500,0.800,0.800,0.800,0.800,0.800,0.500,0.500,0.500,0.500
458,12951592.806,2,2,360,0,0,0,0,0,0.019,360,352,0.151,0.500,0.500,0.500,0.500,0.500,0.500,0.500,0.500,0.500,0.500,0.500,0.500,0.500,0.500,0.500,0.500,0.500,0.500
459,12951592.882,2,2,358,0,0,0,0,0,0.017,358,360,0.170,0.500,0.500,0.500,0.500,0.500,0.500,0.500,0.000,0.000,0.500,0.500,0.500,0.500,0.500,0.500,0.500,0.000,0.000
460,12951592.956,2,2,350,0,0,0,0,0,0.020,350,358,0.073,0.400,0.400,0.400,0.400,0.400,0.000,0.000,0.000,0.000,0.400,0.400,0.400,0.400,0.400,0.000,0.000,0.000,0.000
461,12951593.029,2,2,349,0,0,0,0,0,0.014,349,350,0.114,0.500,0.500,0.500,0.500,0.500,0.000,0.000,0.000,0.000,0.500,0.500,0.500,0.500,0.500,0.000,0.000,0.000,0.000
462,12951593.103,2,2,358,0,0,0,0,0,0.022,358,349,0.106,0.667,0.667,0.667,0.667,0.667,0.667,0.400,0.400,0.400,0.667,0.667,0.667,0.667,0.667,0.667,0.400,0.400,0.400
463,12951593.175,2,9,355,0,0,0,0,0,0.031,355,358,0.201,0.667,0.667,0.667,0.667,0.667,0.667,0.667,0.400,0.400,0.333,0.333,0.333,0.333,0.333,0.333,0.333,0.400,0.400
464,12951593.249,2,2,356,0,0,0,0,0,0.017,356,355,0.188,0.000,0.000,0.000,0.000,0.000,0.000,0.000,0.000,0.000,0.000,0.000,0.000,0.000,0.000,0.000,0.000,0.000,0.000
465,12951593.324,2,2,368,0,0,0,0,0,0.019,368,356,0.008,0.667,0.400,0.400,0.400,0.400,0.000,0.000,0.000,0.000,0.667,0.400,0.400,0.400,0.400,0.000,0.000,0.000,0.000
466,12951593.397,2,2,340,0,0,0,0,0,0.024,340,368,0.181,0.400,0.400,0.400,0.400,0.000,0.000,0.000,0.000,0.000,0.400,0.400,0.400,0.400,0.000,0.000,0.000,0.000,0.000
467,12951593.468,2,2,365,0,0,0,0,0,0.025,365,340,0.174,0.500,0.500,0.500,0.500,0.500,0.000,0.000,0.000,0.000,0.500,0.500,0.500,0.500,0.500,0.000,0.000,0.000,0.000
468,12951593.544,4,4,363,0,0,0,0,0,0.019,363,365,0.119,0.400,0.400,0.500,0.500,0.500,0.000,0.000,0.000,0.000,0.400,0.400,0.500,0.500,0.500,0.000,0.000,0.000,0.000
469,12951593.618,2,2,382,0,0,0,0,0,0.024,382,363,0.161,0.500,0.500,0.500,0.500,0.500,0.500,0.500,0.000,0.000,0.500,0.500,0.500,0.500,0.500,0.500,0.500,0.000,0.000
470,12951593.691,2,2,373,0,0,0,0,0,0.013,373,382,0.169,0.000,0.000,0.000,0.000,0.000,0.000,0.000,0.000,0.000,0.000,0.000,0.000,0.000,0.000,0.000,0.000,0.000,0.000
471,12951593.764,2,2,362,0,0,0,0,0,0.011,362,373,0.102,0.000,0.000,0.000,0.000,0.000,0.000,0.000,0.000,0.000,0.000,0.000,0.000,0.000,0.000,0.000,0.000,0.000,0.000
472,12951593.837,2,2,371,0,0,0,0,0,0.008,371,362,0.095,0.000,0.000,0.000,0.000,0.000,0.000,0.000,0.000,0.000,0.000,0.000,0.000,0.000,0.000,0.000,0.000,0.000,0.000
473,12951593.911,2,2,373,0,0,0,0,0,0.021,373,371,0.156,0.400,0.400,0.400,0.400,0.400,0.000,0.000,0.000,0.000,0.400,0.400,0.400,0.400,0.400,0.000,0.000,0.000,0.000
474,12951593.986,2,2,377,0,0,0,0,0,0.027,377,373,0.057,0.400,0.400,0.400,0.400,0.400,0.400,0.400,0.400,0.400,0.400,0.400,0.400,0.400,0.400,0.400,0.400,0.400,0.400
475,12951594.058,2,2,365,0,0,0,0,0,0.011,365,377,0.123,0.000,0.000,0.000,0.000,0.000,0.000,0.000,0.000,0.000,0.000,0.000,0.000,0.000,0.000,0.000,0.000,0.000,0.000
476,12951594.132,2,2,364,0,0,0,0,0,0.019,364,365,0.117,0.000,0.000,0.000,0.000,0.000,0.000,0.000,0.000,0.000,0.000,0.000,0.000,0.000,0.000,0.000,0.000,0.000,0.000
477,12951594.206,2,2,377,0,0,0,0,0,0.021,377,364,0.155,0.400,0.400,0.400,0.000,0.000,0.000,0.000,0.000,0.000,0.400,0.400,0.400,0.000,0.000,0.000,0.000,0.000,0.000
478,12951594.280,2,2,360,0,0,0,0,0,0.017,360,377,0.095,0.000,0.000,0.000,0.000,0.000,0.000,0.000,0.000,0.000,0.000,0.000,0.000,0.000,0.000,0.000,0.000,0.000,0.000
479,12951594.352,2,2,368,0,0,0,0,0,0.019,368,360,0.113,0.400,0.400,0.400,0.400,0.000,0.000,0.000,0.000,0.000,0.400,0.400,0.400,0.400,0.000,0.000,0.000,0.000,0.000
480,12951594.428,2,2,360,0,0,0,0,0,0.019,360,368,0.111,0.500,0.500,0.500,0.500,0.500,0.500,0.500,0.500,0.000,0.500,0.500,0.500,0.500,0.500,0.500,0.500,0.500,0.000
481,12951594.502,2,2,364,0,0,0,0,0,0.025,364,360,0.003,0.000,0.000,0.000,0.000,0.000,0.000,0.000,0.000,0.000,0.000,0.000,0.000,0.000,0.000,0.000,0.000,0.000,0.000
482,12951594.575,2,2,373,0,0,0,0,0,0.019,373,364,0.179,0.500,0.500,0.500,0.500,0.500,0.500,0.500,0.500,0.000,0.500,0.500,0.500,0.500,0.500,0.500,0.500,0.500,0.000
483,12951594.648,2,2,360,0,0,0,0,0,0.014,360,373,0.153,0.000,0.000,0.000,0.000,0.000,0.000,0.000,0.000,0.000,0.000,0.000,0.000,0.000,0.000,0.000,0.000,0.000,0.000
484,12951594.718,2,2,361,0,0,0,0,0,0.019,361,360,0.076,0.000,0.000,0.000,0.000,0.000,0.000,0.000,0.000,0.000,0.000,0.000,0.000,0.000,0.000,0.000,0.000,0.000,0.000
485,12951594.793,2,2,359,0,0,0,0,0,0.008,359,361,0.024,0.000,0.000,0.000,0.000,0.000,0.000,0.000,0.000,0.000,0.000,0.000,0.000,0.000,0.000,0.000,0.000,0.000,0.000
486,12951594.867,2,2,361,0,0,0,0,0,0.017,361,359,0.172,0.667,0.667,0.667,0.667,0.667,0.667,0.667,0.667,0.000,0.667,0.667,0.667,0.667,0.667,0.667,0.667,0.667,0.000
487,12951594.939,2,2,368,0,0,0,0,0,0.016,368,361,0.146,0.667,0.667,0.667,0.667,0.667,0.000,0.000,0.000,0.000,0.667,0.667,0.667,0.667,0.667,0.000,0.000,0.000,0.000
488,12951595.013,2,2,351,0,0,0,0,0,0.014,351,368,0.133,0.000,0.000,0.000,0.000,0.000,0.000,0.000,0.000,0.000,0.000,0.000,0.000,0.000,0.000,0.000,0.000,0.000,0.000
489,12951595.089,2,2,373,0,0,0,0,0,0.021,373,351,0.160,0.667,0.667,0.667,0.667,0.667,0.000,0.000,0.000,0.000,0.667,0.667,0.667,0.667,0.667,0.000,0.000,0.000,0.000
490,12951595.163,2,2,363,0,0,0,0,0,0.036,363,373,0.135,0.667,0.400,0.400,0.400,0.400,0.400,0.400,0.000,0.000,0.667,0.400,0.400,0.400,0.400,0.400,0.400,0.000,0.000
491,12951595.235,2,2,358,0,0,0,0,0,0.008,358,363,0.085,0.000,0.000,0.000,0.000,0.000,0.000,0.000,0.000,0.000,0.000,0.000,0.000,0.000,0.000,0.000,0.000,0.000,0.000
492,12951595.306,2,2,360,0,0,0,0,0,0.011,360,358,0.124,0.000,0.000,0.000,0.000,0.000,0.000,0.000,0.000,0.000,0.000,0.000,0.000,0.000,0.000,0.000,0.000,0.000,0.000
493,12951595.380,2,2,367,0,0,0,0,0,0.025,367,360,0.108,0.000,0.000,0.000,0.000,0.000,0.000,0.000,0.000,0.000,0.000,0.000,0.000,0.000,0.000,0.000,0.000,0.000,0.000
494,12951595.453,2,2,367,0,0,0,0,0,0.022,367,367,0.222,1.000,1.000,1.000,0.667,0.667,0.667,0.667,0.667,0.667,1.000,1.000,1.000,0.667,0.667,0.667,0.667,0.667,0.667
495,12951595.526,2,2,370,0,0,0,0,0,0.019,370,367,0.133,0.400,0.400,0.400,0.400,0.400,0.400,0.400,0.000,0.000,0.400,0.400,0.400,0.400,0.400,0.400,0.400,0.000,0.000
496,12951595.600,2,2,367,0,0,0,0,0,0.025,367,370,0.284,1.000,1.000,1.000,1.000,1.000,1.000,0.667,0.667,0.667,1.000,1.000,1.000,1.000,1.000,1.000,0.667,0.667,0.667
497,12951595.674,2,2,355,0,0,0,0,0,0.025,355,367,0.041,0.400,0.400,0.400,0.400,0.400,0.400,0.400,0.400,0.400,0.400,0.400,0.400,0.400,0.400,0.400,0.400,0.400,0.400
498,12951595.749,2,2,366,0,0,0,0,0,0.022,366,355,0.067,0.500,0.500,0.500,0.500,0.500,0.500,0.500,0.500,0.500,0.500,0.500,0.500,0.500,0.500,0.500,0.500,0.500,0.500
499,12951595.820,2,2,363,0,0,0,0,0,0.030,363,366,0.219,0.800,0.800,0.800,0.800,0.800,0.800,0.800,0.800,0.800,0.800,0.800,0.800,0.800,0.800,0.800,0.800,0.800,0.800
500,12951595.892,2,2,370,0,0,0,0,0,0.016,370,363,0.213,0.800,0.800,0.800,0.800,0.800,0.800,0.500,0.500,0.500,0.800,0.800,0.800,0.800,0.800,0.800,0.500,0.500,0.500
501,12951595.967,2,2,366,0,0,0,0,0,0.014,366,370,0.139,0.500,0.500,0.500,0.500,0.500,0.500,0.500,0.500,0.500,0.500,0.500,0.500,0.500,0.500,0.500,0.500,0.500,0.500
502,12951596.039,2,2,359,0,0,0,0,0,0.011,359,366,0.136,0.000,0.000,0.000,0.000,0.000,0.000,0.000,0.000,0.000,0.000,0.000,0.000,0.000,0.000,0.000,0.000,0.000,0.000
503,12951596.112,2,2,371,0,0,0,0,0,0.019,371,359,0.193,0.667,0.667,0.667,0.667,0.667,0.667,0.667,0.667,0.667,0.667,0.667,0.667,0.667,0.667,0.667,0.667,0.667,0.667
504,12951596.184,2,2,363,0,0,0,0,0,0.011,363,371,0.142,0.000,0.000,0.000,0.000,0.000,0.000,0.000,0.000,0.000,0.000,0.000,0.000,0.000,0.000,0.000,0.000,0.000,0.000
505,12951596.258,2,2,368,0,0,0,0,0,0.011,368,363,0.098,0.000,0.000,0.000,0.000,0.000,0.000,0.000,0.000,0.000,0.000,0.000,0.000,0.000,0.000,0.000,0.000,0.000,0.000
506,12951596.331,2,2,374,0,0,0,0,0,0.016,374,368,0.150,0.000,0.000,0.000,0.000,0.000,0.000,0.000,0.000,0.000,0.000,0.000,0.000,0.000,0.000,0.000,0.000,0.000,0.000
507,12951596.404,2,2,363,0,0,0,0,0,0.011,363,374,0.106,0.000,0.000,0.000,0.000,0.000,0.000,0.000,0.000,0.000,0.000,0.000,0.000,0.000,0.000,0.000,0.000,0.000,0.000
508,12951596.475,2,2,346,0,0,0,0,0,0.014,346,363,0.083,0.000,0.000,0.000,0.000,0.000,0.000,0.000,0.000,0.000,0.000,0.000,0.000,0.000,0.000,0.000,0.000,0.000,0.000
509,12951596.550,2,2,346,0,0,0,0,0,0.017,346,346,0.157,0.000,0.000,0.000,0.000,0.000,0.000,0.000,0.000,0.000,0.000,0.000,0.000,0.000,0.000,0.000,0.000,0.000,0.000
510,12951596.624,2,2,343,0,0,0,0,0,0.017,343,346,0.130,0.000,0.000,0.000,0.000,0.000,0.000,0.000,0.000,0.000,0.000,0.000,0.000,0.000,0.000,0.000,0.000,0.000,0.000
511,12951596.697,2,2,353,0,0,0,0,0,0.017,353,343,0.148,0.667,0.667,0.667,0.667,0.667,0.667,0.667,0.667,0.667,0.667,0.667,0.667,0.667,0.667,0.667,0.667,0.667,0.667
512,12951596.768,2,2,352,0,0,0,0,0,0.014,352,353,0.126,0.500,0.500,0.500,0.500,0.500,0.500,0.500,0.500,0.500,0.500,0.500,0.500,0.500,0.500,0.500,0.500,0.500,0.500
513,12951596.840,2,2,340,0,0,0,0,0,0.021,340,352,0.095,0.500,0.500,0.500,0.500,0.500,0.500,0.500,0.000,0.000,0.500,0.500,0.500,0.500,0.500,0.500,0.500,0.000,0.000
514,12951596.914,2,2,348,0,0,0,0,0,0.011,348,340,0.021,0.500,0.500,0.500,0.500,0.500,0.500,0.500,0.500,0.000,0.500,0.500,0.500,0.500,0.500,0.500,0.500,0.500,0.000
515,12951596.987,8,8,348,0,0,0,0,0,0.009,348,348,0.001,0.000,0.000,0.000,0.000,0.000,0.000,0.667,0.000,0.000,0.000,0.000,0.000,0.000,0.000,0.000,0.667,0.000,0.000
516,12951597.061,2,2,348,0,0,0,0,0,0.011,348,348,0.200,0.667,0.667,0.667,0.667,0.667,0.667,0.000,0.000,0.000,0.667,0.667,0.667,0.667,0.667,0.667,0.000,0.000,0.000
517,12951597.134,2,2,340,0,0,0,0,0,0.003,340,348,0.099,0.000,0.000,0.000,0.000,0.000,0.000,0.000,0.000,0.000,0.000,0.000,0.000,0.000,0.000,0.000,0.000,0.000,0.000
518,12951597.208,2,2,346,0,0,0,0,0,0.006,346,340,0.039,0.000,0.000,0.000,0.000,0.000,0.000,0.000,0.000,0.000,0.000,0.000,0.000,0.000,0.000,0.000,0.000,0.000,0.000
519,12951597.282,2,2,347,0,0,0,0,0,0.009,347,346,0.076,0.000,0.000,0.000,0.000,0.000,0.000,0.000,0.000,0.000,0.000,0.000,0.000,0.000,0.000,0.000,0.000,0.000,0.000
520,12951597.426,2,2,353,0,0,0,0,0,0.017,353,347,0.062,0.500,0.500,0.500,0.500,0.500,0.500,0.500,0.000,0.000,0.500,0.500,0.500,0.500,0.500,0.500,0.500,0.000,0.000
521,12951597.500,2,2,347,0,0,0,0,0,0.014,347,353,0.074,0.500,0.500,0.500,0.500,0.500,0.500,0.500,0.000,0.000,0.500,0.500,0.500,0.500,0.500,0.500,0.500,0.000,0.000
522,12951597.574,2,2,350,0,0,0,0,0,0.026,350,347,0.177,0.400,0.400,0.400,0.400,0.400,0.400,0.400,0.400,0.400,0.400,0.400,0.400,0.400,0.400,0.400,0.400,0.400,0.400
523,12951597.646,4,4,347,0,0,0,0,0,0.017,347,350,0.184,0.400,0.400,0.500,0.500,0.500,0.500,0.500,0.500,0.000,0.400,0.400,0.500,0.500,0.500,0.500,0.500,0.500,0.000
524,12951597.721,2,2,349,0,0,0,0,0,0.017,349,347,0.311,0.667,0.667,0.667,0.667,0.667,0.000,0.000,0.000,0.000,0.667,0.667,0.667,0.667,0.667,0.000,0.000,0.000,0.000
525,12951597.795,2,2,356,0,0,0,0,0,0.039,356,349,0.398,0.667,0.667,0.500,0.500,0.500,0.500,0.500,0.500,0.500,0.667,0.667,0.500,0.500,0.500,0.500,0.500,0.500,0.500
526,12951597.868,7,7,367,0,0,0,0,0,0.027,367,356,0.372,0.500,0.500,0.500,0.500,0.500,0.667,0.667,0.667,0.667,0.500,0.500,0.500,0.500,0.500,0.667,0.667,0.667,0.667
527,12951597.942,8,8,368,0,0,0,0,0,0.024,368,367,0.299,0.500,0.500,0.500,0.500,0.500,0.500,0.667,0.667,0.667,0.500,0.500,0.500,0.500,0.500,0.500,0.667,0.667,0.667
528,12951598.015,7,7,362,0,0,0,0,0,0.017,362,368,0.254,0.500,0.500,0.500,0.500,0.500,0.667,0.667,0.667,0.667,0.500,0.500,0.500,0.500,0.500,0.667,0.667,0.667,0.667
529,12951598.089,2,2,364,0,0,0,0,0,0.014,364,362,0.273,0.500,0.500,0.500,0.500,0.500,0.500,0.500,0.500,0.500,0.500,0.500,0.500,0.500,0.500,0.500,0.500,0.500,0.500
530,12951598.164,6,6,338,0,0,0,0,0,0.018,338,364,0.338,0.500,0.500,0.500,0.500,0.667,0.667,0.667,0.667,0.667,0.500,0.500,0.500,0.500,0.667,0.667,0.667,0.667,0.667
531,12951598.236,7,7,356,0,0,0,0,0,0.008,356,338,0.244,0.667,0.667,0.667,0.667,0.667,1.000,1.000,1.000,1.000,0.667,0.667,0.667,0.667,0.667,1.000,1.000,1.000,1.000
532,12951598.309,2,2,355,0,0,0,0,0,0.017,355,356,0.304,0.667,0.667,0.667,0.667,0.667,0.667,0.667,0.667,0.667,0.667,0.667,0.667,0.667,0.667,0.667,0.667,0.667,0.667
533,12951598.383,6,6,360,0,0,0,0,0,0.019,360,355,0.324,0.500,0.500,0.500,0.500,0.667,0.667,0.667,0.667,0.667,0.500,0.500,0.500,0.500,0.667,0.667,0.667,0.667,0.667
534,12951598.457,3,3,353,0,0,0,0,0,0.028,353,360,0.297,0.667,1.000,1.000,1.000,1.000,1.000,1.000,1.000,1.000,0.667,1.000,1.000,1.000,1.000,1.000,1.000,1.000,1.000
535,12951598.530,2,2,354,0,0,0,0,0,0.014,354,353,0.287,0.667,0.667,0.667,0.667,0.667,0.667,0.667,0.667,0.667,0.667,0.667,0.667,0.667,0.667,0.667,0.667,0.667,0.667
536,12951598.603,3,3,356,0,0,0,0,0,0.014,356,354,0.209,0.667,1.000,1.000,1.000,1.000,1.000,1.000,1.000,0.000,0.667,1.000,1.000,1.000,1.000,1.000,1.000,1.000,0.000
537,12951598.678,5,5,353,0,0,0,0,0,0.020,353,356,0.359,0.667,0.667,0.667,1.000,1.000,1.000,1.000,1.000,0.000,0.667,0.667,0.667,1.000,1.000,1.000,1.000,1.000,0.000
538,12951598.752,2,2,347,0,0,0,0,0,0.009,347,353,0.350,0.667,0.667,0.667,0.667,0.667,0.667,0.000,0.000,0.000,0.667,0.667,0.667,0.667,0.667,0.667,0.000,0.000,0.000
539,12951598.827,2,2,363,0,0,0,0,0,0.017,363,347,0.347,0.667,0.667,0.667,0.667,0.667,0.000,0.000,0.000,0.000,0.667,0.667,0.667,0.667,0.667,0.000,0.000,0.000,0.000
540,12951598.899,2,2,345,0,0,0,0,0,0.020,345,363,0.430,0.667,0.667,0.667,0.667,0.667,0.667,0.667,0.667,0.667,0.667,0.667,0.667,0.667,0.667,0.667,0.667,0.667,0.667
541,12951598.972,2,2,353,0,0,0,0,0,0.025,353,345,0.349,0.500,0.500,0.500,0.500,0.500,0.500,0.500,0.500,0.500,0.500,0.500,0.500,0.500,0.500,0.500,0.500,0.500,0.500
542,12951599.047,9,9,364,0,0,0,0,0,0.027,364,353,0.424,0.333,0.400,0.400,0.400,0.400,0.400,0.400,0.500,0.500,0.333,0.400,0.400,0.400,0.400,0.400,0.400,0.500,0.500
543,12951599.121,5,5,349,0,0,0,0,0,0.026,349,364,0.463,0.500,0.500,0.500,0.667,0.667,0.667,0.667,0.667,0.667,0.500,0.500,0.500,0.667,0.667,0.667,0.667,0.667,0.667
544,12951599.194,2,2,352,0,0,0,0,0,0.026,352,349,0.401,1.000,1.000,0.667,0.667,0.667,0.667,0.667,0.667,0.667,1.000,1.000,0.667,0.667,0.667,0.667,0.667,0.667,0.667
545,12951599.270,3,3,359,0,0,0,0,0,0.033,359,352,0.429,0.667,0.800,0.800,0.500,0.500,0.500,0.500,0.500,0.500,0.667,0.800,0.800,0.500,0.500,0.500,0.500,0.500,0.500
546,12951599.344,2,2,359,0,0,0,0,0,0.017,359,359,0.361,1.000,1.000,1.000,0.667,0.667,0.667,0.667,0.667,0.667,1.000,1.000,1.000,0.667,0.667,0.667,0.667,0.667,0.667
547,12951599.418,2,5,360,0,0,0,0,0,0.028,360,359,0.456,0.800,0.800,0.800,0.800,0.800,0.500,0.500,0.500,0.500,0.400,0.400,0.400,0.800,0.800,0.500,0.500,0.500,0.500
548,12951599.492,2,2,370,0,0,0,0,0,0.027,370,360,0.372,1.000,1.000,1.000,1.000,1.000,1.000,1.000,0.667,0.667,1.000,1.000,1.000,1.000,1.000,1.000,1.000,0.667,0.667
549,12951599.563,2,2,356,0,0,0,0,0,0.017,356,370,0.381,0.667,0.667,0.667,0.667,0.667,0.667,0.667,0.667,0.667,0.667,0.667,0.667,0.667,0.667,0.667,0.667,0.667,0.667
550,12951599.638,2,2,359,0,0,0,0,0,0.011,359,356,0.426,1.000,1.000,1.000,1.000,1.000,1.000,1.000,1.000,0.000,1.000,1.000,1.000,1.000,1.000,1.000,1.000,1.000,0.000
551,12951599.711,2,2,350,0,0,0,0,0,0.020,350,359,0.446,0.667,0.667,0.667,0.667,0.667,0.667,0.667,0.667,0.000,0.667,0.667,0.667,0.667,0.667,0.667,0.667,0.667,0.000
552,12951599.784,2,2,356,0,0,0,0,0,0.025,356,350,0.323,0.500,0.500,0.500,0.500,0.500,0.500,0.500,0.500,0.500,0.500,0.500,0.500,0.500,0.500,0.500,0.500,0.500,0.500
553,12951599.856,2,6,373,0,0,0,0,0,0.024,373,356,0.468,1.000,1.000,1.000,1.000,0.667,0.667,0.667,0.667,0.667,0.500,0.500,0.500,0.500,0.667,0.667,0.667,0.667,0.667
554,12951599.932,2,2,350,0,0,0,0,0,0.020,350,373,0.374,0.667,0.667,0.667,0.667,0.667,0.667,0.667,0.667,0.667,0.667,0.667,0.667,0.667,0.667,0.667,0.667,0.667,0.667
555,12951600.005,2,2,368,0,0,0,0,0,0.024,368,350,0.400,0.667,0.667,0.667,0.667,0.667,0.667,0.667,0.667,0.667,0.667,0.667,0.667,0.667,0.667,0.667,0.667,0.667,0.667
556,12951600.077,2,2,364,0,0,0,0,0,0.022,364,368,0.411,1.000,1.000,1.000,1.000,0.667,0.667,0.667,0.667,0.667,1.000,1.000,0.500,0.500,0.667,0.667,0.667,0.667,0.667
557,12951600.150,2,2,370,0,0,0,0,0,0.022,370,364,0.417,0.667,0.667,0.667,0.667,0.667,0.667,0.667,0.667,0.667,0.667,0.667,0.667,0.667,0.667,0.667,0.667,0.667,0.667
558,12951600.225,2,2,354,0,0,0,0,0,0.014,354,370,0.546,1.000,1.000,0.667,0.667,0.667,0.667,0.667,0.667,0.667,1.000,1.000,0.667,0.667,0.667,0.667,0.667,0.667,0.667
559,12951600.299,2,2,360,0,0,0,0,0,0.025,360,354,0.372,1.000,1.000,1.000,1.000,0.667,0.667,0.667,0.667,0.667,1.000,1.000,1.000,1.000,0.667,0.667,0.667,0.667,0.667
560,12951600.373,2,2,370,0,0,0,0,0,0.024,370,360,0.310,1.000,1.000,1.000,1.000,1.000,0.667,0.667,0.667,0.667,1.000,1.000,1.000,1.000,1.000,0.667,0.667,0.667,0.667
561,12951600.444,2,2,347,0,0,0,0,0,0.020,347,370,0.197,0.667,0.667,0.667,0.667,0.667,0.667,0.667,0.667,0.667,0.667,0.667,0.667,0.667,0.667,0.667,0.667,0.667,0.667
562,12951600.517,2,2,371,0,0,0,0,0,0.022,371,347,0.432,1.000,1.000,1.000,1.000,1.000,1.000,1.000,1.000,1.000,1.000,1.000,1.000,1.000,1.000,1.000,1.000,1.000,1.000
563,12951600.592,2,2,366,0,0,0,0,0,0.016,366,371,0.436,1.000,1.000,1.000,1.000,1.000,1.000,1.000,1.000,1.000,1.000,1.000,1.000,1.000,1.000,1.000,1.000,1.000,1.000
564,12951600.665,2,2,365,0,0,0,0,0,0.019,365,366,0.445,1.000,1.000,1.000,1.000,1.000,1.000,1.000,1.000,1.000,1.000,1.000,1.000,1.000,1.000,1.000,1.000,1.000,1.000
565,12951600.736,2,2,375,0,0,0,0,0,0.019,375,365,0.525,1.000,1.000,1.000,1.000,1.000,1.000,1.000,1.000,1.000,1.000,1.000,1.000,1.000,1.000,1.000,1.000,1.000,1.000
566,12951600.811,2,2,380,0,0,0,0,0,0.018,380,375,0.092,0.667,0.667,0.667,0.667,0.667,0.667,0.667,0.667,0.667,0.667,0.667,0.667,0.667,0.667,0.667,0.667,0.667,0.667
567,12951600.885,2,2,374,0,0,0,0,0,0.024,374,380,0.477,0.667,0.667,0.667,0.667,0.667,0.667,0.667,0.667,0.667,0.667,0.667,0.667,0.667,0.667,0.667,0.667,0.667,0.667
568,12951600.957,2,2,380,0,0,0,0,0,0.032,380,374,0.337,1.000,1.000,0.667,0.667,0.667,0.667,0.667,0.667,0.667,1.000,1.000,0.667,0.667,0.667,0.667,0.667,0.667,0.667
569,12951601.030,2,2,370,0,0,0,0,0,0.019,370,380,0.534,0.667,0.667,0.667,0.667,0.667,0.667,0.667,0.667,0.667,0.667,0.667,0.667,0.667,0.667,0.667,0.667,0.667,0.667
570,12951601.100,2,2,362,0,0,0,0,0,0.022,362,370,0.759,0.667,0.667,0.667,0.667,0.667,0.667,0.667,0.667,0.667,0.667,0.667,0.667,0.667,0.667,0.667,0.667,0.667,0.667
571,12951601.174,2,2,360,0,0,0,0,0,0.017,360,362,0.497,1.000,1.000,0.667,0.667,0.667,0.667,0.667,0.667,0.667,1.000,1.000,0.667,0.667,0.667,0.667,0.667,0.667,0.667
572,12951601.247,2,2,354,0,0,0,0,0,0.025,354,360,0.530,1.000,1.000,1.000,0.667,0.667,0.667,0.667,0.667,0.667,1.000,1.000,1.000,0.667,0.667,0.667,0.667,0.667,0.667
573,12951601.319,2,2,370,0,0,0,0,0,0.022,370,354,0.481,1.000,1.000,1.000,1.000,1.000,1.000,1.000,1.000,1.000,1.000,1.000,1.000,1.000,1.000,1.000,1.000,1.000,1.000
574,12951601.392,2,2,361,0,0,0,0,0,0.028,361,370,0.366,1.000,1.000,1.000,1.000,1.000,1.000,1.000,1.000,1.000,1.000,1.000,1.000,1.000,1.000,1.000,1.000,1.000,1.000
575,12951601.467,2,2,350,0,0,0,0,0,0.020,350,361,0.447,0.667,0.667,0.667,0.667,0.667,0.667,0.667,0.667,0.667,0.667,0.667,0.667,0.667,0.667,0.667,0.667,0.667,0.667
576,12951601.539,2,2,353,0,0,0,0,0,0.020,353,350,0.501,1.000,1.000,0.667,0.667,0.667,0.667,0.667,0.667,0.667,1.000,1.000,0.667,0.667,0.667,0.667,0.667,0.667,0.667
577,12951601.611,2,2,360,0,0,0,0,0,0.019,360,353,0.539,0.667,0.667,0.667,0.667,0.667,0.667,0.667,0.667,0.667,0.667,0.667,0.667,0.667,0.667,0.667,0.667,0.667,0.667
578,12951601.684,2,2,358,0,0,0,0,0,0.022,358,360,0.445,1.000,1.000,0.667,0.667,0.667,0.667,0.667,0.667,0.667,1.000,1.000,0.667,0.667,0.667,0.667,0.667,0.667,0.667
579,12951601.758,2,2,352,0,0,0,0,0,0.028,352,358,0.520,1.000,1.000,1.000,1.000,0.667,0.667,0.667,0.667,0.667,1.000,1.000,1.000,1.000,0.667,0.667,0.667,0.667,0.667
580,12951601.832,2,2,359,0,0,0,0,0,0.031,359,352,0.571,1.000,1.000,1.000,1.000,1.000,0.667,0.667,0.667,0.667,1.000,1.000,1.000,1.000,1.000,0.667,0.667,0.667,0.667
581,12951601.904,2,2,358,0,0,0,0,0,0.025,358,359,0.425,1.000,1.000,1.000,1.000,0.667,0.667,0.667,0.667,0.667,1.000,1.000,1.000,1.000,0.667,0.667,0.667,0.667,0.667
582,12951601.976,2,2,351,0,0,0,0,0,0.026,351,358,0.386,1.000,1.000,1.000,1.000,1.000,0.667,0.667,0.667,0.667,1.000,1.000,1.000,1.000,1.000,0.667,0.667,0.667,0.667
583,12951602.051,2,2,359,0,0,0,0,0,0.022,359,351,0.462,0.667,0.667,0.667,0.667,0.667,0.667,0.667,0.667,0.667,0.667,0.667,0.667,0.667,0.667,0.667,0.667,0.667,0.667
584,12951602.125,2,2,368,0,0,0,0,0,0.024,368,359,0.494,1.000,1.000,0.667,0.667,0.667,0.667,0.667,0.667,0.667,1.000,1.000,0.667,0.667,0.667,0.667,0.667,0.667,0.667
585,12951602.269,2,2,358,0,0,0,0,0,0.022,358,368,0.554,1.000,1.000,1.000,1.000,0.667,0.667,0.667,0.667,0.667,1.000,1.000,1.000,1.000,0.667,0.667,0.667,0.667,0.667
586,12951602.344,2,2,361,0,0,0,0,0,0.019,361,358,0.499,0.667,0.667,0.667,0.667,0.667,0.667,0.667,0.667,0.667,0.667,0.667,0.667,0.667,0.667,0.667,0.667,0.667,0.667
587,12951602.418,2,2,356,0,0,0,0,0,0.017,356,361,0.503,0.667,0.667,0.667,0.667,0.667,0.667,0.667,0.667,0.667,0.667,0.667,0.667,0.667,0.667,0.667,0.667,0.667,0.000
588,12951602.491,2,2,370,0,0,0,0,0,0.019,370,356,0.378,0.667,0.667,0.667,0.667,0.667,0.667,0.667,0.667,0.667,0.667,0.667,0.667,0.667,0.667,0.667,0.667,0.667,0.667
589,12951602.564,2,2,366,0,0,0,0,0,0.025,366,370,0.466,1.000,1.000,0.667,0.667,0.667,0.667,0.667,0.667,0.667,1.000,1.000,0.667,0.667,0.667,0.667,0.667,0.667,0.667
590,12951602.636,2,2,372,0,0,0,0,0,0.019,372,366,0.564,0.667,0.667,0.667,0.667,0.667,0.667,0.667,0.667,0.667,0.667,0.667,0.667,0.667,0.667,0.667,0.667,0.667,0.667
591,12951602.710,2,2,361,0,0,0,0,0,0.025,361,372,0.284,0.667,0.667,0.667,0.667,0.667,0.667,0.667,0.667,0.667,0.667,0.667,0.667,0.667,0.667,0.667,0.667,0.667,0.667
592,12951602.784,2,2,357,0,0,0,0,0,0.022,357,361,0.463,0.667,0.667,0.667,0.667,0.667,0.667,0.667,0.667,0.667,0.667,0.667,0.667,0.667,0.667,0.667,0.667,0.667,0.667
593,12951602.857,2,2,354,0,0,0,0,0,0.017,354,357,0.427,0.667,0.667,0.667,0.667,0.667,0.667,0.667,0.667,0.667,0.667,0.667,0.667,0.667,0.667,0.667,0.667,0.667,0.667
594,12951602.930,2,2,357,0,0,0,0,0,0.028,357,354,0.424,0.667,0.667,0.667,0.667,0.667,0.667,0.667,0.667,0.667,0.667,0.667,0.667,0.667,0.667,0.667,0.667,0.667,0.667
595,12951603.004,2,2,363,0,0,0,0,0,0.022,363,357,0.472,0.667,0.667,0.667,0.667,0.667,0.667,0.667,0.667,0.667,0.667,0.667,0.667,0.667,0.667,0.667,0.667,0.667,0.667
596,12951603.078,2,2,364,0,0,0,0,0,0.022,364,363,0.502,0.667,0.667,0.667,0.667,0.667,0.667,0.667,0.667,0.667,0.667,0.667,0.667,0.667,0.667,0.667,0.667,0.667,0.667
597,12951603.151,2,2,362,0,0,0,0,0,0.022,362,364,0.511,1.000,1.000,0.667,0.667,0.667,0.667,0.667,0.667,0.667,1.000,1.000,0.667,0.667,0.667,0.667,0.667,0.667,0.667
598,12951603.224,2,2,362,0,0,0,0,0,0.025,362,362,0.404,1.000,1.000,1.000,0.667,0.667,0.667,0.667,0.667,0.667,1.000,1.000,1.000,0.667,0.667,0.667,0.667,0.667,0.667
599,12951603.298,2,2,370,0,0,0,0,0,0.024,370,362,0.306,0.667,0.667,0.667,0.667,0.667,0.667,0.667,0.667,0.667,0.667,0.667,0.667,0.667,0.667,0.667,0.667,0.667,0.667
600,12951603.371,2,2,369,0,0,0,0,0,0.019,369,370,0.418,0.667,0.667,0.667,0.667,0.667,0.667,0.667,0.667,0.667,0.667,0.667,0.667,0.667,0.667,0.667,0.667,0.667,0.667
601,12951603.445,2,2,377,0,0,0,0,0,0.027,377,369,0.420,0.667,0.667,0.667,0.667,0.667,0.667,0.667,0.667,0.667,0.667,0.667,0.667,0.667,0.667,0.667,0.667,0.667,0.667
602,12951603.518,2,2,370,0,0,0,0,0,0.027,370,377,0.385,1.000,1.000,0.667,0.667,0.667,0.667,0.667,0.667,0.667,1.000,1.000,0.667,0.667,0.667,0.667,0.667,0.667,0.667
603,12951603.593,2,2,375,0,0,0,0,0,0.024,375,370,0.133,0.800,0.800,0.800,0.500,0.500,0.500,0.500,0.500,0.500,0.800,0.800,0.800,0.500,0.500,0.500,0.500,0.500,0.500
604,12951603.668,2,2,376,0,0,0,0,0,0.032,376,375,0.189,0.800,0.800,0.800,0.800,0.500,0.500,0.500,0.500,0.500,0.800,0.800,0.800,0.800,0.500,0.500,0.500,0.500,0.500
605,12951603.740,2,2,367,0,0,0,0,0,0.022,367,376,0.108,0.800,0.800,0.800,0.800,0.500,0.500,0.500,0.500,0.500,0.800,0.800,0.800,0.800,0.500,0.500,0.500,0.500,0.500
606,12951603.813,2,2,369,0,0,0,0,0,0.024,369,367,0.113,0.800,0.800,0.800,0.500,0.500,0.500,0.500,0.500,0.500,0.800,0.800,0.800,0.500,0.500,0.500,0.500,0.500,0.500
607,12951603.889,2,2,360,0,0,0,0,0,0.022,360,369,0.168,0.500,0.500,0.500,0.500,0.500,0.500,0.500,0.500,0.500,0.500,0.500,0.500,0.500,0.500,0.500,0.500,0.500,0.500
608,12951603.963,2,2,379,0,0,0,0,0,0.034,379,360,0.163,0.800,0.800,0.500,0.500,0.500,0.500,0.500,0.500,0.500,0.800,0.800,0.500,0.500,0.500,0.500,0.500,0.500,0.500
609,12951604.036,2,2,360,0,0,0,0,0,0.028,360,379,0.026,0.500,0.500,0.500,0.500,0.500,0.500,0.500,0.500,0.500,0.500,0.500,0.500,0.500,0.500,0.500,0.500,0.500,0.500
610,12951604.109,2,2,371,0,0,0,0,0,0.035,371,360,0.080,0.800,0.800,0.500,0.500,0.500,0.500,0.500,0.500,0.500,0.800,0.800,0.500,0.500,0.500,0.500,0.500,0.500,0.500
611,12951604.184,2,2,368,0,0,0,0,0,0.030,368,371,0.220,0.571,0.571,0.571,0.571,0.333,0.333,0.333,0.333,0.333,0.571,0.571,0.571,0.571,0.333,0.333,0.333,0.333,0.333
612,12951604.259,2,2,355,0,0,0,0,0,0.028,355,368,0.231,0.857,0.857,0.667,0.667,0.400,0.400,0.400,0.400,0.400,0.857,0.857,0.667,0.667,0.400,0.400,0.400,0.400,0.400
613,12951604.333,2,2,354,0,0,0,0,0,0.028,354,355,0.239,0.857,0.857,0.857,0.667,0.400,0.400,0.400,0.400,0.400,0.857,0.857,0.857,0.667,0.400,0.400,0.400,0.400,0.400
614,12951604.405,2,2,383,0,0,0,0,0,0.018,383,354,0.156,0.400,0.400,0.400,0.400,0.400,0.400,0.400,0.400,0.400,0.400,0.400,0.400,0.400,0.400,0.400,0.400,0.400,0.400
615,12951604.477,2,2,371,0,0,0,0,0,0.027,371,383,0.132,0.400,0.400,0.400,0.400,0.400,0.400,0.400,0.400,0.400,0.400,0.400,0.400,0.400,0.400,0.400,0.400,0.400,0.400
616,12951604.552,2,2,369,0,0,0,0,0,0.030,369,371,0.028,0.400,0.400,0.400,0.400,0.400,0.400,0.400,0.400,0.400,0.400,0.400,0.400,0.400,0.400,0.400,0.400,0.400,0.400
617,12951604.626,2,2,362,0,0,0,0,0,0.028,362,369,0.047,0.667,0.667,0.400,0.400,0.400,0.400,0.400,0.400,0.400,0.667,0.667,0.400,0.400,0.400,0.400,0.400,0.400,0.400
618,12951604.699,2,2,362,0,0,0,0,0,0.019,362,362,0.242,0.500,0.500,0.500,0.500,0.500,0.500,0.500,0.500,0.500,0.500,0.500,0.500,0.500,0.500,0.500,0.500,0.500,0.500
619,12951604.771,2,2,370,0,0,0,0,0,0.032,370,362,0.083,0.667,0.667,0.400,0.400,0.400,0.400,0.400,0.400,0.400,0.667,0.667,0.400,0.400,0.400,0.400,0.400,0.400,0.400
620,12951604.845,2,2,350,0,0,0,0,0,0.023,350,370,0.076,0.400,0.400,0.400,0.400,0.400,0.400,0.400,0.400,0.400,0.400,0.400,0.400,0.400,0.400,0.400,0.400,0.400,0.400
621,12951604.920,2,2,361,0,0,0,0,0,0.025,361,350,0.060,0.667,0.667,0.400,0.400,0.400,0.400,0.400,0.400,0.000,0.667,0.667,0.400,0.400,0.400,0.400,0.400,0.400,0.000
622,12951604.993,2,2,363,0,0,0,0,0,0.033,363,361,0.082,0.800,0.800,0.800,0.500,0.500,0.500,0.500,0.500,0.500,0.800,0.800,0.800,0.500,0.500,0.500,0.500,0.500,0.000
623,12951605.065,2,2,355,0,0,0,0,0,0.020,355,363,0.121,0.500,0.500,0.500,0.500,0.500,0.500,0.500,0.500,0.500,0.500,0.500,0.500,0.500,0.500,0.500,0.500,0.500,0.500
624,12951605.140,2,2,366,0,0,0,0,0,0.027,366,355,0.160,0.400,0.400,0.400,0.400,0.400,0.400,0.400,0.400,0.400,0.400,0.400,0.400,0.400,0.400,0.400,0.400,0.400,0.400
625,12951605.214,2,2,365,0,0,0,0,0,0.038,365,366,0.246,0.857,0.857,0.667,0.667,0.667,0.667,0.400,0.400,0.400,0.857,0.857,0.667,0.667,0.667,0.667,0.400,0.400,0.400
626,12951605.287,2,2,380,0,0,0,0,0,0.029,380,365,0.351,0.667,0.667,0.667,0.667,0.667,0.667,0.400,0.400,0.400,0.667,0.667,0.667,0.667,0.667,0.667,0.400,0.400,0.400
627,12951605.359,2,2,358,0,0,0,0,0,0.028,358,380,0.136,0.400,0.400,0.400,0.400,0.400,0.400,0.400,0.400,0.400,0.400,0.400,0.400,0.400,0.400,0.400,0.400,0.400,0.400
628,12951605.435,2,2,375,0,0,0,0,0,0.019,375,358,0.177,0.400,0.400,0.400,0.400,0.400,0.400,0.400,0.400,0.400,0.400,0.400,0.400,0.400,0.400,0.400,0.400,0.400,0.400
629,12951605.508,2,2,359,0,0,0,0,0,0.022,359,375,0.244,0.800,0.800,0.800,0.800,0.800,0.500,0.500,0.500,0.000,0.800,0.800,0.800,0.800,0.800,0.500,0.500,0.500,0.000
630,12951605.580,2,2,364,0,0,0,0,0,0.027,364,359,0.175,0.400,0.400,0.400,0.400,0.400,0.400,0.400,0.400,0.400,0.400,0.400,0.400,0.400,0.400,0.400,0.400,0.400,0.400
631,12951605.654,2,2,364,0,0,0,0,0,0.025,364,364,0.190,0.500,0.500,0.500,0.500,0.500,0.500,0.500,0.500,0.500,0.500,0.500,0.500,0.500,0.500,0.500,0.500,0.500,0.500
632,12951605.728,2,2,348,0,0,0,0,0,0.023,348,364,0.121,0.500,0.500,0.500,0.500,0.500,0.500,0.500,0.500,0.500,0.500,0.500,0.500,0.500,0.500,0.500,0.500,0.500,0.500
633,12951605.802,2,2,364,0,0,0,0,0,0.022,364,348,0.194,0.500,0.500,0.500,0.500,0.500,0.500,0.500,0.500,0.500,0.500,0.500,0.500,0.500,0.500,0.500,0.500,0.500,0.500
634,12951605.875,5,5,353,0,0,0,0,0,0.023,353,364,0.039,0.400,0.400,0.400,0.500,0.500,0.500,0.500,0.500,0.500,0.400,0.400,0.400,0.500,0.500,0.500,0.500,0.500,0.500
635,12951605.946,4,4,344,0,0,0,0,0,0.020,344,353,0.133,0.400,0.400,0.500,0.500,0.500,0.500,0.500,0.500,0.500,0.400,0.400,0.500,0.500,0.500,0.500,0.500,0.500,0.500
636,12951606.019,2,2,350,0,0,0,0,0,0.023,350,344,0.201,0.500,0.500,0.500,0.500,0.500,0.500,0.500,0.500,0.500,0.500,0.500,0.500,0.500,0.500,0.500,0.500,0.500,0.500
637,12951606.094,2,2,359,0,0,0,0,0,0.019,359,350,0.158,0.400,0.400,0.400,0.400,0.400,0.400,0.400,0.400,0.400,0.400,0.400,0.400,0.400,0.400,0.400,0.400,0.400,0.000
638,12951606.167,2,2,347,0,0,0,0,0,0.032,347,359,0.223,0.667,0.667,0.400,0.400,0.400,0.400,0.400,0.400,0.400,0.667,0.667,0.400,0.400,0.400,0.400,0.400,0.400,0.400
639,12951606.239,2,2,348,0,0,0,0,0,0.026,348,347,0.490,0.800,0.800,0.800,0.500,0.500,0.500,0.500,0.500,0.500,0.800,0.800,0.800,0.500,0.500,0.500,0.500,0.500,0.500
640,12951606.385,2,2,348,0,0,0,0,0,0.032,348,348,0.399,0.800,0.800,0.800,0.500,0.500,0.500,0.500,0.500,0.500,0.800,0.800,0.800,0.500,0.500,0.500,0.500,0.500,0.500
641,12951606.458,2,2,361,0,0,0,0,0,0.028,361,348,0.430,0.500,0.500,0.500,0.500,0.500,0.500,0.500,0.500,0.500,0.500,0.500,0.500,0.500,0.500,0.500,0.500,0.500,0.500
642,12951606.532,2,2,343,0,0,0,0,0,0.023,343,361,0.363,0.500,0.500,0.500,0.500,0.500,0.500,0.500,0.500,0.500,0.500,0.500,0.500,0.500,0.500,0.500,0.500,0.500,0.500
643,12951606.603,2,2,361,0,0,0,0,0,0.033,361,343,0.479,0.500,0.500,0.500,0.500,0.500,0.500,0.500,0.500,0.500,0.500,0.500,0.500,0.500,0.500,0.500,0.500,0.500,0.500
644,12951606.677,2,2,356,0,0,0,0,0,0.025,356,361,0.439,0.500,0.500,0.500,0.500,0.500,0.500,0.500,0.500,0.500,0.500,0.500,0.500,0.500,0.500,0.500,0.500,0.500,0.500
645,12951606.752,2,2,381,0,0,0,0,0,0.024,381,356,0.490,0.667,0.667,0.667,0.667,0.667,0.667,0.667,0.667,0.667,0.667,0.667,0.667,0.667,0.667,0.667,0.667,0.667,0.667
646,12951606.825,2,2,375,0,0,0,0,0,0.021,375,381,0.086,0.500,0.500,0.500,0.500,0.500,0.500,0.500,0.500,0.500,0.500,0.500,0.500,0.500,0.500,0.500,0.500,0.500,0.500
647,12951606.897,2,2,360,0,0,0,0,0,0.022,360,375,0.098,0.500,0.500,0.500,0.500,0.500,0.500,0.500,0.500,0.500,0.500,0.500,0.500,0.500,0.500,0.500,0.500,0.500,0.500
648,12951606.969,2,2,369,0,0,0,0,0,0.038,369,360,0.180,0.400,0.400,0.400,0.400,0.400,0.400,0.400,0.400,0.400,0.400,0.400,0.400,0.400,0.400,0.400,0.400,0.400,0.400
649,12951607.042,2,2,366,0,0,0,0,0,0.036,366,369,0.017,0.400,0.400,0.400,0.400,0.400,0.400,0.400,0.400,0.400,0.400,0.400,0.400,0.400,0.400,0.400,0.400,0.400,0.400
650,12951607.115,2,2,365,0,0,0,0,0,0.036,365,366,0.070,0.667,0.667,0.400,0.400,0.400,0.400,0.400,0.400,0.400,0.667,0.667,0.400,0.400,0.400,0.400,0.400,0.400,0.400
651,12951607.189,2,2,382,0,0,0,0,0,0.034,382,365,0.109,0.400,0.400,0.400,0.400,0.400,0.400,0.400,0.400,0.400,0.400,0.400,0.400,0.400,0.400,0.400,0.400,0.400,0.400
652,12951607.264,2,2,372,0,0,0,0,0,0.030,372,382,0.097,0.400,0.400,0.400,0.400,0.400,0.400,0.400,0.400,0.400,0.400,0.400,0.400,0.400,0.400,0.400,0.400,0.400,0.400
653,12951607.338,2,2,375,0,0,0,0,0,0.037,375,372,0.288,0.571,0.571,0.400,0.400,0.400,0.400,0.400,0.400,0.400,0.571,0.571,0.400,0.400,0.400,0.400,0.400,0.400,0.400
654,12951607.411,2,2,366,0,0,0,0,0,0.030,366,375,0.226,0.857,0.667,0.667,0.667,0.667,0.400,0.400,0.400,0.000,0.857,0.667,0.667,0.667,0.667,0.400,0.400,0.400,0.000
655,12951607.483,2,2,370,0,0,0,0,0,0.030,370,366,0.226,0.750,0.750,0.750,0.571,0.571,0.333,0.000,0.000,0.000,0.750,0.750,0.750,0.571,0.571,0.333,0.000,0.000,0.000
656,12951607.556,2,2,360,0,0,0,0,0,0.033,360,370,0.316,0.333,0.333,0.333,0.333,0.333,0.333,0.333,0.333,0.333,0.333,0.333,0.333,0.333,0.333,0.333,0.333,0.333,0.333
657,12951607.631,2,2,360,0,0,0,0,0,0.039,360,360,0.001,0.571,0.571,0.400,0.400,0.400,0.400,0.400,0.400,0.400,0.571,0.571,0.400,0.400,0.400,0.400,0.400,0.400,0.400
658,12951607.704,2,2,364,0,0,0,0,0,0.041,364,360,0.158,0.571,0.571,0.571,0.571,0.333,0.333,0.333,0.333,0.333,0.571,0.571,0.571,0.571,0.333,0.333,0.333,0.333,0.333
659,12951607.775,3,3,363,0,0,0,0,0,0.033,363,364,0.070,0.571,0.667,0.667,0.667,0.400,0.400,0.400,0.400,0.400,0.571,0.667,0.667,0.667,0.400,0.400,0.400,0.400,0.400
660,12951607.848,2,2,369,0,0,0,0,0,0.035,369,363,0.096,0.571,0.571,0.571,0.333,0.333,0.333,0.333,0.333,0.333,0.571,0.571,0.571,0.333,0.333,0.333,0.333,0.333,0.333
661,12951607.923,2,2,367,0,0,0,0,0,0.025,367,369,0.135,0.400,0.400,0.400,0.400,0.400,0.400,0.400,0.400,0.400,0.400,0.400,0.400,0.400,0.400,0.400,0.400,0.400,0.400
662,12951607.996,2,2,369,0,0,0,0,0,0.030,369,367,0.016,0.571,0.571,0.400,0.400,0.400,0.400,0.400,0.400,0.400,0.571,0.571,0.400,0.400,0.400,0.400,0.400,0.400,0.400
663,12951608.070,3,7,373,0,0,0,0,0,0.038,373,369,0.062,0.333,0.400,0.400,0.400,0.400,0.400,0.400,0.400,0.000,0.000,0.000,0.000,0.000,0.000,0.400,0.400,0.400,0.000
664,12951608.141,2,2,357,0,0,0,0,0,0.036,357,373,0.099,0.571,0.571,0.571,0.333,0.333,0.333,0.333,0.333,0.333,0.571,0.571,0.571,0.333,0.333,0.333,0.333,0.333,0.333
665,12951608.215,2,2,382,0,0,0,0,0,0.045,382,357,0.192,0.571,0.571,0.333,0.333,0.333,0.333,0.333,0.333,0.333,0.571,0.571,0.333,0.333,0.333,0.333,0.333,0.333,0.333
666,12951608.290,2,2,377,0,0,0,0,0,0.037,377,382,0.143,0.333,0.333,0.333,0.333,0.333,0.333,0.333,0.333,0.333,0.333,0.333,0.333,0.333,0.333,0.333,0.333,0.333,0.333
667,12951608.363,2,2,381,0,0,0,0,0,0.039,381,377,0.060,0.333,0.333,0.333,0.333,0.333,0.333,0.333,0.333,0.333,0.333,0.333,0.333,0.333,0.333,0.333,0.333,0.333,0.333
668,12951608.434,2,2,385,0,0,0,0,0,0.036,385,381,0.269,0.571,0.571,0.571,0.571,0.571,0.571,0.571,0.571,0.571,0.571,0.571,0.571,0.571,0.571,0.571,0.571,0.571,0.571
669,12951608.509,2,2,377,0,0,0,0,0,0.045,377,385,0.370,0.889,0.889,0.889,0.750,0.571,0.571,0.571,0.333,0.333,0.889,0.889,0.889,0.750,0.571,0.571,0.571,0.333,0.333
670,12951608.583,2,2,374,0,0,0,0,0,0.024,374,377,0.190,0.333,0.333,0.333,0.333,0.333,0.333,0.333,0.333,0.333,0.333,0.333,0.333,0.333,0.333,0.333,0.333,0.333,0.333
671,12951608.656,2,2,363,0,0,0,0,0,0.033,363,374,0.255,0.750,0.750,0.750,0.333,0.333,0.333,0.333,0.000,0.000,0.750,0.750,0.750,0.333,0.333,0.333,0.333,0.000,0.000
672,12951608.730,2,2,373,0,0,0,0,0,0.035,373,363,0.217,0.750,0.750,0.750,0.571,0.333,0.333,0.333,0.333,0.000,0.750,0.750,0.750,0.571,0.333,0.333,0.333,0.333,0.000
673,12951608.804,2,2,370,0,0,0,0,0,0.038,370,373,0.107,0.500,0.500,0.333,0.333,0.333,0.333,0.333,0.333,0.333,0.500,0.500,0.333,0.333,0.333,0.333,0.333,0.333,0.333
674,12951608.877,2,2,372,0,0,0,0,0,0.035,372,370,0.243,0.889,0.889,0.889,0.571,0.333,0.333,0.333,0.333,0.333,0.889,0.889,0.889,0.571,0.333,0.333,0.333,0.333,0.333
675,12951608.951,2,2,364,0,0,0,0,0,0.033,364,372,0.156,0.571,0.571,0.571,0.571,0.571,0.333,0.333,0.333,0.333,0.571,0.571,0.571,0.571,0.571,0.333,0.333,0.333,0.333
676,12951609.022,2,2,370,0,0,0,0,0,0.043,370,364,0.146,0.750,0.750,0.750,0.571,0.571,0.333,0.333,0.333,0.333,0.750,0.750,0.750,0.571,0.571,0.333,0.333,0.333,0.333
677,12951609.094,2,2,370,0,0,0,0,0,0.030,370,370,0.056,0.750,0.750,0.750,0.571,0.571,0.333,0.333,0.333,0.000,0.750,0.750,0.750,0.571,0.571,0.333,0.333,0.333,0.000
678,12951609.169,2,2,372,0,0,0,0,0,0.038,372,370,0.146,0.571,0.571,0.571,0.571,0.333,0.333,0.333,0.333,0.333,0.571,0.571,0.571,0.571,0.333,0.333,0.333,0.333,0.333
679,12951609.241,2,2,365,0,0,0,0,0,0.033,365,372,0.225,0.889,0.889,0.889,0.571,0.571,0.571,0.571,0.333,0.333,0.889,0.889,0.889,0.571,0.571,0.571,0.571,0.333,0.333
680,12951609.313,2,2,359,0,0,0,0,0,0.039,359,365,0.074,0.750,0.750,0.750,0.571,0.333,0.333,0.333,0.000,0.000,0.750,0.750,0.750,0.571,0.333,0.333,0.333,0.000,0.000
681,12951609.387,2,2,378,0,0,0,0,0,0.029,378,359,0.166,0.667,0.667,0.667,0.400,0.400,0.400,0.400,0.400,0.000,0.667,0.667,0.667,0.400,0.400,0.400,0.400,0.400,0.000
682,12951609.461,2,2,362,0,0,0,0,0,0.036,362,378,0.252,0.857,0.857,0.857,0.667,0.667,0.667,0.400,0.400,0.400,0.857,0.857,0.857,0.667,0.667,0.667,0.400,0.400,0.400
683,12951609.534,2,2,362,0,0,0,0,0,0.030,362,362,0.222,0.857,0.857,0.667,0.667,0.667,0.667,0.667,0.400,0.400,0.857,0.857,0.667,0.667,0.667,0.667,0.667,0.400,0.400
684,12951609.606,2,2,369,0,0,0,0,0,0.043,369,362,0.045,0.750,0.750,0.750,0.333,0.333,0.333,0.333,0.333,0.333,0.750,0.750,0.750,0.333,0.333,0.333,0.333,0.333,0.333
685,12951609.678,2,2,378,0,0,0,0,0,0.026,378,369,0.049,0.667,0.667,0.667,0.667,0.400,0.400,0.400,0.400,0.400,0.667,0.667,0.667,0.667,0.400,0.400,0.400,0.400,0.400
686,12951609.752,2,2,346,0,0,0,0,0,0.026,346,378,0.077,0.667,0.667,0.667,0.400,0.400,0.400,0.400,0.400,0.400,0.667,0.667,0.667,0.400,0.400,0.400,0.400,0.400,0.400
687,12951609.827,2,2,353,0,0,0,0,0,0.023,353,346,0.031,0.800,0.800,0.800,0.800,0.500,0.500,0.500,0.500,0.500,0.800,0.800,0.800,0.800,0.500,0.500,0.500,0.500,0.500
688,12951609.899,2,2,349,0,0,0,0,0,0.026,349,353,0.046,0.333,0.333,0.333,0.333,0.333,0.333,0.333,0.333,0.333,0.333,0.333,0.333,0.333,0.333,0.333,0.333,0.333,0.333
689,12951609.970,2,2,347,0,0,0,0,0,0.035,347,349,0.086,0.400,0.400,0.400,0.400,0.400,0.400,0.400,0.400,0.400,0.400,0.400,0.400,0.400,0.400,0.400,0.400,0.400,0.400
690,12951610.046,2,2,338,0,0,0,0,0,0.018,338,347,0.018,0.571,0.571,0.333,0.333,0.333,0.333,0.333,0.333,0.333,0.571,0.571,0.333,0.333,0.333,0.333,0.333,0.333,0.333
691,12951610.119,2,2,345,0,0,0,0,0,0.020,345,338,0.016,0.400,0.400,0.400,0.400,0.400,0.400,0.400,0.000,0.000,0.400,0.400,0.400,0.400,0.400,0.400,0.400,0.000,0.000
692,12951610.192,2,2,353,0,0,0,0,0,0.028,353,345,0.006,0.333,0.333,0.333,0.333,0.333,0.333,0.333,0.333,0.333,0.333,0.333,0.333,0.333,0.333,0.333,0.333,0.333,0.333
693,12951610.265,2,2,346,0,0,0,0,0,0.026,346,353,0.048,0.333,0.333,0.333,0.333,0.333,0.333,0.333,0.333,0.333,0.333,0.333,0.333,0.333,0.333,0.333,0.333,0.333,0.333
694,12951610.413,2,2,342,0,0,0,0,0,0.023,342,346,0.080,0.571,0.571,0.333,0.333,0.333,0.333,0.333,0.333,0.333,0.571,0.571,0.333,0.333,0.333,0.333,0.333,0.333,0.333
695,12951610.487,2,2,341,0,0,0,0,0,0.018,341,342,0.103,0.333,0.333,0.333,0.333,0.333,0.333,0.333,0.333,0.000,0.333,0.333,0.333,0.333,0.333,0.333,0.333,0.333,0.000
696,12951610.559,2,2,336,0,0,0,0,0,0.030,336,341,0.188,0.571,0.571,0.333,0.333,0.333,0.333,0.333,0.333,0.000,0.571,0.571,0.333,0.333,0.333,0.333,0.333,0.333,0.000
697,12951610.630,2,2,360,0,0,0,0,0,0.033,360,336,0.409,0.750,0.750,0.750,0.571,0.571,0.333,0.333,0.000,0.000,0.750,0.750,0.750,0.571,0.571,0.333,0.333,0.000,0.000
698,12951610.704,2,2,357,0,0,0,0,0,0.028,357,360,0.135,0.333,0.333,0.333,0.333,0.333,0.333,0.333,0.333,0.000,0.333,0.333,0.333,0.333,0.333,0.333,0.333,0.333,0.000
699,12951610.778,2,2,363,0,0,0,0,0,0.025,363,357,0.024,0.571,0.571,0.333,0.333,0.333,0.333,0.333,0.000,0.000,0.571,0.571,0.333,0.333,0.333,0.333,0.333,0.000,0.000
700,12951610.850,2,2,366,0,0,0,0,0,0.019,366,363,0.060,0.571,0.571,0.571,0.333,0.333,0.333,0.333,0.333,0.000,0.571,0.571,0.571,0.333,0.333,0.333,0.333,0.333,0.000
701,12951610.924,2,2,350,0,0,0,0,0,0.014,350,366,0.025,0.400,0.400,0.400,0.400,0.400,0.000,0.000,0.000,0.000,0.400,0.400,0.400,0.400,0.400,0.000,0.000,0.000,0.000
702,12951610.998,2,2,359,0,0,0,0,0,0.025,359,350,0.034,0.400,0.400,0.400,0.400,0.400,0.400,0.400,0.400,0.000,0.400,0.400,0.400,0.400,0.400,0.400,0.400,0.400,0.000
703,12951611.071,2,2,365,0,0,0,0,0,0.019,365,359,0.031,0.667,0.667,0.667,0.400,0.400,0.400,0.400,0.400,0.400,0.667,0.667,0.667,0.400,0.400,0.400,0.400,0.400,0.400
704,12951611.145,2,4,370,0,0,0,0,0,0.016,370,365,0.008,0.333,0.333,0.333,0.333,0.333,0.333,0.000,0.000,0.000,0.000,0.000,0.333,0.333,0.333,0.333,0.000,0.000,0.000
705,12951611.217,2,2,372,0,0,0,0,0,0.035,372,370,0.075,0.333,0.333,0.333,0.333,0.333,0.333,0.333,0.333,0.333,0.333,0.333,0.333,0.333,0.333,0.333,0.333,0.333,0.333
706,12951611.291,2,2,368,0,0,0,0,0,0.033,368,372,0.089,0.571,0.571,0.571,0.333,0.333,0.333,0.333,0.333,0.333,0.571,0.571,0.571,0.333,0.333,0.333,0.333,0.333,0.333
707,12951611.366,2,2,360,0,0,0,0,0,0.031,360,368,0.247,1.000,1.000,1.000,0.857,0.667,0.667,0.667,0.400,0.000,1.000,1.000,1.000,0.857,0.667,0.667,0.667,0.400,0.000
708,12951611.438,2,2,370,0,0,0,0,0,0.030,370,360,0.149,0.667,0.667,0.667,0.400,0.400,0.400,0.400,0.400,0.000,0.667,0.667,0.667,0.400,0.400,0.400,0.400,0.400,0.000
709,12951611.511,2,7,370,0,0,0,0,0,0.030,370,370,0.096,0.500,0.500,0.500,0.500,0.286,0.333,0.000,0.000,0.000,0.250,0.250,0.250,0.250,0.000,0.333,0.000,0.000,0.000
710,12951611.587,2,2,368,0,0,0,0,0,0.024,368,370,0.061,0.333,0.333,0.333,0.333,0.333,0.333,0.333,0.333,0.333,0.333,0.333,0.333,0.333,0.333,0.333,0.333,0.333,0.333
711,12951611.661,2,2,366,0,0,0,0,0,0.036,366,368,0.143,0.857,0.857,0.857,0.667,0.333,0.400,0.400,0.400,0.400,0.857,0.857,0.857,0.667,0.333,0.400,0.400,0.400,0.400
712,12951611.734,2,2,370,0,0,0,0,0,0.038,370,366,0.028,0.857,0.857,0.667,0.667,0.400,0.400,0.400,0.400,0.400,0.857,0.857,0.667,0.667,0.400,0.400,0.400,0.400,0.400
713,12951611.807,2,2,368,0,0,0,0,0,0.033,368,370,0.022,0.857,0.857,0.857,0.667,0.400,0.400,0.400,0.400,0.400,0.857,0.857,0.857,0.667,0.400,0.400,0.400,0.400,0.400
714,12951611.881,2,2,364,0,0,0,0,0,0.025,364,368,0.098,0.571,0.571,0.571,0.571,0.333,0.333,0.333,0.333,0.333,0.571,0.571,0.571,0.571,0.333,0.333,0.333,0.333,0.333
715,12951611.956,2,2,355,0,0,0,0,0,0.037,355,364,0.035,0.333,0.333,0.333,0.333,0.333,0.333,0.333,0.333,0.333,0.333,0.333,0.333,0.333,0.333,0.333,0.333,0.333,0.333
716,12951612.030,2,2,354,0,0,0,0,0,0.023,354,355,0.015,0.333,0.333,0.333,0.333,0.333,0.333,0.333,0.333,0.333,0.333,0.333,0.333,0.333,0.333,0.333,0.333,0.333,0.333
717,12951612.102,2,2,371,0,0,0,0,0,0.032,371,354,0.188,0.571,0.571,0.571,0.333,0.333,0.333,0.333,0.333,0.333,0.571,0.571,0.571,0.333,0.333,0.333,0.333,0.333,0.333
718,12951612.174,2,2,370,0,0,0,0,0,0.038,370,371,0.083,0.750,0.750,0.571,0.333,0.333,0.333,0.333,0.333,0.333,0.750,0.750,0.571,0.333,0.333,0.333,0.333,0.333,0.333
719,12951612.250,2,2,363,0,0,0,0,0,0.036,363,370,0.113,0.333,0.333,0.333,0.333,0.333,0.333,0.333,0.333,0.333,0.333,0.333,0.333,0.333,0.333,0.333,0.333,0.333,0.333
720,12951612.324,2,2,359,0,0,0,0,0,0.036,359,363,0.179,0.750,0.750,0.571,0.571,0.571,0.333,0.333,0.333,0.333,0.750,0.750,0.571,0.571,0.571,0.333,0.333,0.333,0.333
721,12951612.396,2,2,363,0,0,0,0,0,0.036,363,359,0.296,0.889,0.889,0.889,0.750,0.750,0.571,0.571,0.333,0.333,0.889,0.889,0.889,0.750,0.750,0.571,0.571,0.333,0.333
722,12951612.469,2,2,373,0,0,0,0,0,0.035,373,363,0.121,0.571,0.571,0.571,0.571,0.333,0.333,0.333,0.333,0.333,0.571,0.571,0.571,0.571,0.333,0.333,0.333,0.333,0.333
723,12951612.544,2,2,364,0,0,0,0,0,0.038,364,373,0.038,0.857,0.857,0.667,0.667,0.667,0.667,0.400,0.400,0.400,0.857,0.857,0.667,0.667,0.667,0.667,0.400,0.400,0.400
724,12951612.617,2,2,370,0,0,0,0,0,0.035,370,364,0.060,0.571,0.571,0.571,0.571,0.571,0.333,0.333,0.333,0.333,0.571,0.571,0.571,0.571,0.571,0.333,0.333,0.333,0.333
725,12951612.691,2,2,364,0,0,0,0,0,0.038,364,370,0.280,0.889,0.889,0.889,0.750,0.333,0.333,0.333,0.333,0.333,0.889,0.889,0.889,0.750,0.333,0.333,0.333,0.333,0.333
726,12951612.762,2,2,358,0,0,0,0,0,0.025,358,364,0.168,0.571,0.571,0.571,0.571,0.571,0.333,0.333,0.333,0.333,0.571,0.571,0.571,0.571,0.571,0.333,0.333,0.333,0.333
727,12951612.837,2,2,361,0,0,0,0,0,0.036,361,358,0.312,0.750,0.750,0.750,0.750,0.571,0.571,0.333,0.333,0.333,0.750,0.750,0.750,0.750,0.571,0.571,0.333,0.333,0.333
728,12951612.911,2,2,363,0,0,0,0,0,0.030,363,361,0.017,0.750,0.750,0.571,0.571,0.571,0.333,0.333,0.333,0.333,0.750,0.750,0.571,0.571,0.571,0.333,0.333,0.333,0.333
729,12951612.983,2,2,371,0,0,0,0,0,0.024,371,363,0.019,0.333,0.333,0.333,0.333,0.333,0.333,0.333,0.333,0.333,0.333,0.333,0.333,0.333,0.333,0.333,0.333,0.333,0.333
730,12951613.055,2,2,358,0,0,0,0,0,0.028,358,371,0.023,0.333,0.333,0.333,0.333,0.333,0.333,0.333,0.333,0.333,0.333,0.333,0.333,0.333,0.333,0.333,0.333,0.333,0.333
731,12951613.132,2,2,360,0,0,0,0,0,0.039,360,358,0.038,0.750,0.750,0.571,0.333,0.333,0.333,0.333,0.333,0.333,0.750,0.750,0.571,0.333,0.333,0.333,0.333,0.333,0.333
732,12951613.205,2,2,360,0,0,0,0,0,0.033,360,360,0.015,0.571,0.571,0.571,0.333,0.333,0.333,0.333,0.333,0.333,0.571,0.571,0.571,0.333,0.333,0.333,0.333,0.333,0.333
733,12951613.277,2,2,356,0,0,0,0,0,0.017,356,360,0.011,0.333,0.333,0.333,0.333,0.333,0.333,0.333,0.333,0.333,0.333,0.333,0.333,0.333,0.333,0.333,0.333,0.333,0.333
734,12951613.350,2,2,352,0,0,0,0,0,0.028,352,356,0.109,0.571,0.571,0.333,0.333,0.333,0.333,0.333,0.333,0.333,0.571,0.571,0.333,0.333,0.333,0.333,0.333,0.333,0.333
735,12951613.425,2,2,360,0,0,0,0,0,0.036,360,352,0.010,0.750,0.750,0.571,0.333,0.333,0.333,0.333,0.333,0.333,0.750,0.750,0.571,0.333,0.333,0.333,0.333,0.333,0.333
736,12951613.498,2,10,360,0,0,0,0,0,0.039,360,360,0.029,0.571,0.571,0.571,0.333,0.333,0.333,0.333,0.333,0.333,0.286,0.286,0.286,0.000,0.000,0.000,0.000,0.000,0.333
737,12951613.572,2,2,354,0,0,0,0,0,0.028,354,360,0.044,0.571,0.571,0.571,0.571,0.333,0.333,0.333,0.333,0.333,0.571,0.571,0.571,0.571,0.333,0.333,0.333,0.333,0.333
738,12951613.643,4,4,357,0,0,0,0,0,0.028,357,354,0.087,0.286,0.286,0.333,0.333,0.333,0.333,0.333,0.333,0.333,0.286,0.286,0.333,0.333,0.333,0.333,0.333,0.333,0.333
739,12951613.715,2,2,374,0,0,0,0,0,0.043,374,357,0.375,0.800,0.800,0.750,0.750,0.571,0.333,0.333,0.333,0.333,0.800,0.800,0.750,0.750,0.571,0.333,0.333,0.333,0.333
740,12951613.790,4,4,380,0,0,0,0,0,0.039,380,374,0.215,0.800,0.800,0.889,0.750,0.571,0.571,0.333,0.333,0.333,0.800,0.800,0.889,0.750,0.571,0.571,0.333,0.333,0.333
741,12951613.863,4,4,362,0,0,0,0,0,0.036,362,380,0.164,0.600,0.600,0.750,0.571,0.333,0.333,0.333,0.333,0.333,0.600,0.600,0.750,0.571,0.333,0.333,0.333,0.333,0.333
742,12951613.934,2,2,373,0,0,0,0,0,0.040,373,362,0.003,0.571,0.571,0.571,0.571,0.571,0.571,0.571,0.333,0.333,0.571,0.571,0.571,0.571,0.571,0.571,0.571,0.333,0.333
743,12951614.007,2,2,377,0,0,0,0,0,0.029,377,373,0.023,0.750,0.750,0.750,0.750,0.750,0.571,0.333,0.333,0.333,0.750,0.750,0.750,0.750,0.750,0.571,0.333,0.333,0.333
744,12951614.081,4,4,377,0,0,0,0,0,0.034,377,377,0.063,0.667,0.667,0.750,0.750,0.750,0.333,0.333,0.333,0.000,0.667,0.667,0.750,0.750,0.750,0.333,0.333,0.333,0.000
745,12951614.227,3,3,360,0,0,0,0,0,0.039,360,377,0.148,0.667,0.750,0.750,0.750,0.571,0.571,0.333,0.333,0.333,0.667,0.750,0.750,0.750,0.571,0.571,0.333,0.333,0.333
746,12951614.298,2,2,359,0,0,0,0,0,0.031,359,360,0.289,0.889,0.889,0.889,0.889,0.889,0.333,0.333,0.333,0.333,0.667,0.667,0.667,0.667,0.667,0.000,0.000,0.000,0.000
747,12951614.372,3,3,348,0,0,0,0,0,0.040,348,359,0.175,0.750,0.857,0.857,0.857,0.857,0.400,0.000,0.000,0.000,0.750,0.857,0.857,0.857,0.857,0.400,0.000,0.000,0.000
748,12951614.446,2,2,351,0,0,0,0,0,0.034,351,348,0.051,0.750,0.750,0.750,0.750,0.750,0.333,0.333,0.000,0.000,0.500,0.500,0.500,0.500,0.500,0.333,0.333,0.000,0.000
749,12951614.518,4,4,350,0,0,0,0,0,0.034,350,351,0.145,0.571,0.571,0.667,0.667,0.667,0.400,0.000,0.000,0.000,0.571,0.571,0.667,0.667,0.667,0.400,0.000,0.000,0.000
750,12951614.590,2,2,366,0,0,0,0,0,0.019,366,350,0.068,0.500,0.500,0.500,0.500,0.500,0.000,0.000,0.000,0.000,0.500,0.500,0.500,0.500,0.500,0.000,0.000,0.000,0.000
751,12951614.665,2,2,351,0,0,0,0,0,0.034,351,366,0.118,0.667,0.667,0.400,0.400,0.400,0.400,0.400,0.000,0.000,0.667,0.667,0.400,0.400,0.400,0.400,0.000,0.000,0.000
752,12951614.738,4,4,350,0,0,0,0,0,0.029,350,351,0.121,0.333,0.333,0.400,0.400,0.400,0.400,0.400,0.000,0.000,0.333,0.333,0.400,0.400,0.400,0.400,0.000,0.000,0.000
753,12951614.811,2,2,345,0,0,0,0,0,0.029,345,350,0.062,0.571,0.571,0.571,0.400,0.400,0.400,0.000,0.000,0.000,0.571,0.571,0.571,0.400,0.400,0.000,0.000,0.000,0.000
754,12951614.884,2,2,347,0,0,0,0,0,0.032,347,345,0.119,0.667,0.667,0.667,0.400,0.000,0.000,0.000,0.000,0.000,0.667,0.667,0.667,0.400,0.000,0.000,0.000,0.000,0.000
755,12951614.959,2,2,349,0,0,0,0,0,0.032,349,347,0.242,0.667,0.667,0.571,0.571,0.400,0.400,0.400,0.000,0.000,0.667,0.667,0.571,0.571,0.400,0.400,0.400,0.000,0.000
756,12951615.032,2,2,344,0,0,0,0,0,0.035,344,349,0.216,1.000,1.000,1.000,0.667,0.667,0.400,0.400,0.400,0.000,1.000,1.000,1.000,0.667,0.667,0.400,0.400,0.400,0.000
757,12951615.105,2,2,349,0,0,0,0,0,0.034,349,344,0.039,0.571,0.571,0.571,0.333,0.333,0.333,0.000,0.000,0.000,0.571,0.571,0.571,0.333,0.333,0.333,0.000,0.000,0.000
758,12951615.178,2,8,347,0,0,0,0,0,0.029,347,349,0.135,0.571,0.571,0.571,0.333,0.333,0.333,0.333,0.333,0.000,0.286,0.286,0.286,0.000,0.000,0.000,0.333,0.333,0.000
759,12951615.252,4,4,355,0,0,0,0,0,0.045,355,347,0.110,0.250,0.250,0.333,0.333,0.333,0.333,0.333,0.333,0.333,0.250,0.250,0.333,0.333,0.333,0.333,0.333,0.333,0.333
760,12951615.328,4,4,368,0,0,0,0,0,0.046,368,355,0.134,0.545,0.545,0.600,0.571,0.333,0.333,0.333,0.333,0.333,0.545,0.545,0.600,0.571,0.333,0.333,0.333,0.333,0.333
761,12951615.401,6,5,357,0,0,0,0,0,0.042,357,368,0.063,0.250,0.250,0.250,0.286,0.571,0.333,0.333,0.333,0.000,0.250,0.250,0.250,0.286,0.286,0.000,0.000,0.000,0.000
762,12951615.472,5,5,368,0,0,0,0,0,0.033,368,357,0.078,0.500,0.500,0.500,0.571,0.333,0.333,0.333,0.333,0.000,0.250,0.250,0.250,0.286,0.000,0.000,0.000,0.000,0.000
763,12951615.547,2,2,361,0,0,0,0,0,0.033,361,368,0.167,0.667,0.667,0.500,0.333,0.333,0.333,0.333,0.000,0.000,0.667,0.667,0.500,0.333,0.333,0.333,0.333,0.000,0.000
764,12951615.621,3,3,375,0,0,0,0,0,0.040,375,361,0.144,0.286,0.333,0.333,0.333,0.333,0.333,0.000,0.000,0.000,0.286,0.333,0.333,0.333,0.333,0.333,0.000,0.000,0.000
765,12951615.694,2,2,363,0,0,0,0,0,0.039,363,375,0.093,0.333,0.333,0.333,0.333,0.333,0.333,0.333,0.000,0.000,0.333,0.333,0.333,0.333,0.333,0.333,0.333,0.000,0.000
766,12951615.768,2,2,382,0,0,0,0,0,0.052,382,363,0.007,0.500,0.500,0.286,0.286,0.333,0.333,0.333,0.333,0.333,0.500,0.500,0.286,0.286,0.333,0.333,0.333,0.333,0.333
767,12951615.840,2,2,368,0,0,0,0,0,0.041,368,382,0.038,0.667,0.667,0.667,0.500,0.286,0.333,0.333,0.333,0.333,0.667,0.667,0.667,0.500,0.286,0.333,0.333,0.333,0.333
768,12951615.915,5,5,369,0,0,0,0,0,0.033,369,368,0.004,0.250,0.286,0.286,0.333,0.333,0.333,0.333,0.333,0.000,0.250,0.286,0.286,0.333,0.333,0.333,0.333,0.333,0.000
769,12951615.990,2,2,373,0,0,0,0,0,0.043,373,369,0.032,0.500,0.500,0.500,0.286,0.333,0.333,0.333,0.333,0.333,0.500,0.500,0.500,0.286,0.333,0.333,0.333,0.333,0.333
770,12951616.063,6,6,381,0,0,0,0,0,0.034,381,373,0.075,0.500,0.500,0.500,0.500,0.571,0.333,0.333,0.333,0.333,0.500,0.500,0.500,0.500,0.571,0.333,0.333,0.333,0.333
771,12951616.135,2,2,363,0,0,0,0,0,0.030,363,381,0.146,0.500,0.500,0.333,0.333,0.333,0.333,0.333,0.333,0.000,0.500,0.500,0.333,0.333,0.333,0.333,0.333,0.333,0.000
772,12951616.209,4,4,379,0,0,0,0,0,0.032,379,363,0.189,0.500,0.500,0.571,0.571,0.333,0.333,0.333,0.333,0.000,0.500,0.500,0.571,0.571,0.333,0.333,0.333,0.333,0.000
773,12951616.284,5,5,374,0,0,0,0,0,0.043,374,379,0.010,0.444,0.444,0.500,0.571,0.571,0.333,0.333,0.333,0.333,0.222,0.222,0.500,0.571,0.571,0.333,0.333,0.333,0.333
774,12951616.357,2,2,380,0,0,0,0,0,0.042,380,374,0.075,0.444,0.444,0.444,0.333,0.333,0.333,0.333,0.333,0.333,0.444,0.444,0.444,0.333,0.333,0.333,0.333,0.333,0.333
775,12951616.431,2,2,374,0,0,0,0,0,0.043,374,380,0.001,0.750,0.750,0.571,0.571,0.571,0.400,0.400,0.400,0.400,0.750,0.750,0.571,0.571,0.571,0.400,0.400,0.400,0.400
776,12951616.505,5,5,371,0,0,0,0,0,0.043,371,374,0.041,0.600,0.600,0.600,0.667,0.500,0.333,0.333,0.333,0.333,0.600,0.600,0.600,0.667,0.500,0.333,0.333,0.333,0.333
777,12951616.579,5,5,371,0,0,0,0,0,0.043,371,371,0.165,0.500,0.500,0.500,0.571,0.571,0.571,0.333,0.333,0.333,0.500,0.500,0.500,0.571,0.571,0.571,0.333,0.333,0.333
778,12951616.654,2,2,374,0,0,0,0,0,0.045,374,371,0.217,0.667,0.667,0.667,0.571,0.571,0.333,0.333,0.333,0.333,0.667,0.667,0.667,0.571,0.571,0.333,0.333,0.333,0.333
779,12951616.727,2,2,362,0,0,0,0,0,0.030,362,374,0.209,0.857,0.857,0.857,0.667,0.667,0.667,0.667,0.400,0.400,0.571,0.571,0.571,0.333,0.333,0.333,0.333,0.000,0.000
780,12951616.802,2,2,358,0,0,0,0,0,0.025,358,362,0.029,0.333,0.333,0.333,0.333,0.333,0.333,0.333,0.333,0.333,0.333,0.333,0.333,0.333,0.333,0.333,0.333,0.333,0.333
781,12951616.878,2,2,362,0,0,0,0,0,0.028,362,358,0.031,0.667,0.667,0.400,0.400,0.400,0.400,0.400,0.400,0.400,0.667,0.667,0.400,0.400,0.400,0.400,0.400,0.400,0.400
782,12951616.950,2,2,363,0,0,0,0,0,0.041,363,362,0.146,0.750,0.750,0.750,0.571,0.333,0.333,0.333,0.333,0.333,0.500,0.500,0.500,0.286,0.000,0.000,0.000,0.000,0.000
783,12951617.023,2,2,371,0,0,0,0,0,0.038,371,363,0.054,0.750,0.750,0.750,0.571,0.571,0.571,0.571,0.333,0.333,0.500,0.500,0.500,0.286,0.286,0.286,0.286,0.333,0.333
784,12951617.096,2,10,380,0,0,0,0,0,0.032,380,371,0.118,0.571,0.571,0.571,0.571,0.571,0.571,0.571,0.571,0.571,0.286,0.286,0.286,0.286,0.286,0.286,0.286,0.286,0.571
785,12951617.170,2,2,360,0,0,0,0,0,0.031,360,380,0.106,0.571,0.571,0.571,0.571,0.333,0.333,0.333,0.333,0.333,0.571,0.571,0.571,0.571,0.333,0.333,0.333,0.333,0.333
786,12951617.244,2,2,361,0,0,0,0,0,0.028,361,360,0.048,0.571,0.571,0.571,0.571,0.571,0.571,0.333,0.333,0.333,0.571,0.571,0.571,0.571,0.571,0.571,0.333,0.333,0.333
787,12951617.317,2,6,375,0,0,0,0,0,0.021,375,361,0.018,0.571,0.571,0.571,0.571,0.571,0.333,0.333,0.333,0.333,0.286,0.286,0.286,0.286,0.571,0.333,0.333,0.333,0.333
788,12951617.391,4,4,378,0,0,0,0,0,0.021,378,375,0.041,0.333,0.333,0.400,0.000,0.000,0.000,0.000,0.000,0.000,0.333,0.333,0.400,0.000,0.000,0.000,0.000,0.000,0.000
789,12951617.466,2,2,360,0,0,0,0,0,0.022,360,378,0.078,0.571,0.571,0.571,0.333,0.333,0.333,0.000,0.000,0.000,0.571,0.571,0.571,0.333,0.333,0.333,0.000,0.000,0.000
790,12951617.540,2,2,365,0,0,0,0,0,0.022,365,360,0.062,0.750,0.750,0.750,0.333,0.333,0.333,0.333,0.333,0.000,0.500,0.500,0.500,0.000,0.000,0.333,0.333,0.333,0.000
791,12951617.613,4,4,367,0,0,0,0,0,0.035,367,365,0.106,0.571,0.571,0.667,0.667,0.667,0.667,0.667,0.400,0.000,0.571,0.571,0.667,0.667,0.667,0.667,0.667,0.400,0.000
792,12951617.683,2,2,359,0,0,0,0,0,0.036,359,367,0.135,0.571,0.571,0.333,0.333,0.333,0.333,0.333,0.333,0.000,0.571,0.571,0.333,0.333,0.333,0.333,0.333,0.333,0.000
793,12951617.759,2,2,362,0,0,0,0,0,0.030,362,359,0.036,0.750,0.750,0.750,0.750,0.571,0.571,0.571,0.571,0.000,0.750,0.750,0.750,0.750,0.571,0.571,0.571,0.571,0.000
794,12951617.833,2,2,367,0,0,0,0,0,0.025,367,362,0.081,0.750,0.750,0.571,0.571,0.571,0.333,0.333,0.000,0.000,0.750,0.750,0.571,0.571,0.571,0.333,0.333,0.000,0.000
795,12951617.905,2,2,370,0,0,0,0,0,0.027,370,367,0.006,0.571,0.571,0.571,0.571,0.571,0.333,0.000,0.000,0.000,0.571,0.571,0.571,0.571,0.571,0.333,0.000,0.000,0.000
796,12951617.976,2,2,370,0,0,0,0,0,0.022,370,370,0.077,0.667,0.667,0.400,0.400,0.000,0.000,0.000,0.000,0.000,0.667,0.667,0.400,0.400,0.000,0.000,0.000,0.000,0.000
797,12951618.050,4,4,358,0,0,0,0,0,0.028,358,370,0.039,0.500,0.500,0.571,0.333,0.000,0.000,0.000,0.000,0.000,0.500,0.500,0.571,0.333,0.000,0.000,0.000,0.000,0.000
798,12951618.125,2,2,370,0,0,0,0,0,0.046,370,358,0.099,0.571,0.571,0.571,0.571,0.333,0.000,0.000,0.000,0.000,0.571,0.571,0.571,0.571,0.333,0.000,0.000,0.000,0.000
799,12951618.198,4,4,355,0,0,0,0,0,0.037,355,370,0.006,0.500,0.500,0.571,0.571,0.571,0.333,0.000,0.000,0.000,0.500,0.500,0.571,0.571,0.571,0.333,0.000,0.000,0.000
800,12951618.270,2,2,373,0,0,0,0,0,0.051,373,355,0.032,0.571,0.571,0.571,0.571,0.571,0.571,0.571,0.571,0.333,0.571,0.571,0.571,0.571,0.571,0.571,0.571,0.571,0.333
801,12951618.345,2,2,368,0,0,0,0,0,0.024,368,373,0.013,0.571,0.571,0.571,0.571,0.571,0.571,0.333,0.333,0.333,0.571,0.571,0.571,0.571,0.571,0.571,0.333,0.333,0.333
802,12951618.419,2,2,366,0,0,0,0,0,0.033,366,368,0.001,0.571,0.571,0.571,0.333,0.333,0.000,0.000,0.000,0.000,0.571,0.571,0.571,0.333,0.333,0.000,0.000,0.000,0.000
803,12951618.491,4,4,373,0,0,0,0,0,0.048,373,366,0.049,0.571,0.571,0.667,0.667,0.667,0.400,0.000,0.000,0.000,0.571,0.571,0.667,0.667,0.667,0.400,0.000,0.000,0.000
804,12951618.562,2,2,365,0,0,0,0,0,0.036,365,373,0.114,0.571,0.571,0.571,0.571,0.571,0.571,0.000,0.000,0.000,0.571,0.571,0.571,0.571,0.571,0.571,0.000,0.000,0.000
805,12951618.637,2,2,375,0,0,0,0,0,0.043,375,365,0.017,0.750,0.750,0.750,0.750,0.333,0.333,0.000,0.000,0.000,0.750,0.750,0.750,0.750,0.333,0.333,0.000,0.000,0.000
806,12951618.711,2,2,370,0,0,0,0,0,0.035,370,375,0.045,0.571,0.571,0.571,0.571,0.333,0.333,0.000,0.000,0.000,0.571,0.571,0.571,0.571,0.333,0.333,0.000,0.000,0.000
807,12951618.783,2,2,365,0,0,0,0,0,0.027,365,370,0.039,0.571,0.571,0.571,0.571,0.571,0.333,0.333,0.000,0.000,0.571,0.571,0.571,0.571,0.571,0.333,0.333,0.000,0.000
808,12951618.856,2,2,369,0,0,0,0,0,0.041,369,365,0.067,0.500,0.500,0.500,0.500,0.286,0.286,0.286,0.286,0.286,0.500,0.500,0.500,0.500,0.286,0.286,0.286,0.286,0.286
809,12951618.930,2,2,352,0,0,0,0,0,0.034,352,369,0.022,0.667,0.667,0.667,0.667,0.400,0.400,0.400,0.400,0.400,0.667,0.667,0.667,0.667,0.400,0.400,0.400,0.400,0.400
810,12951619.004,2,2,360,0,0,0,0,0,0.033,360,352,0.039,0.667,0.667,0.667,0.667,0.667,0.400,0.400,0.400,0.400,0.667,0.667,0.667,0.667,0.667,0.400,0.400,0.400,0.400
811,12951619.077,4,4,357,0,0,0,0,0,0.056,357,360,0.066,0.500,0.500,0.667,0.667,0.667,0.667,0.400,0.400,0.400,0.500,0.500,0.667,0.667,0.667,0.667,0.400,0.400,0.400
812,12951619.148,2,2,363,0,0,0,0,0,0.055,363,357,0.055,0.857,0.857,0.857,0.750,0.857,0.857,0.400,0.400,0.400,0.857,0.857,0.857,0.750,0.857,0.857,0.400,0.400,0.400
813,12951619.220,2,2,350,0,0,0,0,0,0.043,350,363,0.114,0.667,0.667,0.667,0.667,0.667,0.400,0.400,0.400,0.400,0.667,0.667,0.667,0.667,0.667,0.400,0.400,0.400,0.400
814,12951619.294,4,4,362,0,0,0,0,0,0.058,362,350,0.023,0.571,0.571,0.667,0.667,0.667,0.667,0.400,0.400,0.400,0.571,0.571,0.667,0.667,0.667,0.667,0.400,0.400,0.400
815,12951619.367,2,2,366,0,0,0,0,0,0.041,366,362,0.130,0.667,0.667,0.667,0.667,0.667,0.667,0.667,0.667,0.667,0.667,0.667,0.667,0.667,0.667,0.667,0.667,0.667,0.667
816,12951619.438,2,2,349,0,0,0,0,0,0.057,349,366,0.096,0.667,0.667,0.667,0.667,0.667,0.667,0.667,0.667,0.667,0.667,0.667,0.667,0.667,0.667,0.667,0.667,0.667,0.667
817,12951619.512,5,5,375,0,0,0,0,0,0.053,375,349,0.319,0.667,0.750,0.750,0.857,0.667,0.667,0.400,0.400,0.400,0.667,0.750,0.750,0.857,0.667,0.667,0.400,0.400,0.400
818,12951619.586,2,2,365,0,0,0,0,0,0.044,365,375,0.179,0.857,0.857,0.857,0.857,0.667,0.400,0.400,0.000,0.000,0.857,0.857,0.857,0.857,0.667,0.400,0.400,0.000,0.000
819,12951619.660,2,2,357,0,0,0,0,0,0.034,357,365,0.132,0.667,0.667,0.667,0.400,0.400,0.400,0.400,0.400,0.400,0.667,0.667,0.667,0.400,0.400,0.400,0.400,0.400,0.400
820,12951619.733,2,2,364,0,0,0,0,0,0.044,364,357,0.106,0.857,0.857,0.857,0.667,0.667,0.667,0.400,0.400,0.400,0.857,0.857,0.857,0.667,0.667,0.667,0.400,0.400,0.400
821,12951619.806,2,2,369,0,0,0,0,0,0.051,369,364,0.088,0.667,0.667,0.667,0.667,0.667,0.667,0.400,0.400,0.400,0.667,0.667,0.667,0.667,0.667,0.667,0.400,0.400,0.400
822,12951619.879,2,2,369,0,0,0,0,0,0.038,369,369,0.083,0.667,0.667,0.667,0.667,0.667,0.400,0.400,0.400,0.000,0.667,0.667,0.667,0.667,0.667,0.400,0.400,0.400,0.000
823,12951619.953,3,3,371,0,0,0,0,0,0.051,371,369,0.022,0.500,0.571,0.571,0.571,0.571,0.571,0.400,0.400,0.400,0.500,0.571,0.571,0.571,0.571,0.571,0.400,0.400,0.400
824,12951620.025,5,5,380,0,0,0,0,0,0.053,380,371,0.076,0.571,0.571,0.571,0.667,0.667,0.400,0.400,0.333,0.333,0.571,0.571,0.571,0.667,0.667,0.400,0.400,0.333,0.333
825,12951620.097,2,2,369,0,0,0,0,0,0.051,369,380,0.138,0.750,0.750,0.750,0.750,0.750,0.750,0.571,0.571,0.571,0.750,0.750,0.750,0.750,0.750,0.750,0.571,0.571,0.571
826,12951620.172,2,2,391,0,0,0,0,0,0.056,391,369,0.023,0.750,0.571,0.571,0.571,0.571,0.571,0.571,0.571,0.500,0.750,0.571,0.571,0.571,0.571,0.571,0.571,0.571,0.500
827,12951620.244,2,2,393,0,0,0,0,0,0.056,393,391,0.066,0.500,0.500,0.500,0.500,0.500,0.500,0.500,0.286,0.000,0.500,0.500,0.500,0.500,0.500,0.500,0.500,0.286,0.000
828,12951620.317,2,2,389,0,0,0,0,0,0.054,389,393,0.121,0.750,0.750,0.750,0.750,0.571,0.571,0.571,0.571,0.333,0.750,0.750,0.750,0.750,0.571,0.571,0.571,0.571,0.333
829,12951620.390,2,2,379,0,0,0,0,0,0.058,379,389,0.022,0.667,0.667,0.667,0.667,0.400,0.400,0.400,0.400,0.400,0.667,0.667,0.667,0.667,0.400,0.400,0.400,0.400,0.400
830,12951620.464,2,2,383,0,0,0,0,0,0.057,383,379,0.136,0.750,0.750,0.571,0.571,0.571,0.333,0.333,0.333,0.286,0.750,0.750,0.571,0.571,0.571,0.333,0.333,0.333,0.286
831,12951620.611,3,3,380,0,0,0,0,0,0.053,380,383,0.093,0.667,0.750,0.750,0.750,0.750,0.333,0.286,0.000,0.000,0.667,0.750,0.750,0.750,0.750,0.333,0.286,0.000,0.000
832,12951620.684,2,2,392,0,0,0,0,0,0.064,392,380,0.005,0.750,0.750,0.750,0.750,0.750,0.571,0.571,0.571,0.333,0.750,0.750,0.750,0.750,0.750,0.571,0.571,0.571,0.333
833,12951620.757,3,3,403,0,0,0,0,0,0.077,403,392,0.144,0.800,0.889,0.750,0.750,0.750,0.750,0.750,0.750,0.571,0.800,0.889,0.750,0.750,0.750,0.750,0.750,0.750,0.571
834,12951620.832,4,4,395,0,0,0,0,0,0.073,395,403,0.196,0.800,0.800,0.889,0.750,0.750,0.750,0.667,0.750,0.750,0.800,0.800,0.889,0.750,0.750,0.750,0.667,0.750,0.750
835,12951620.905,4,4,393,0,0,0,0,0,0.069,393,395,0.069,0.727,0.800,0.889,0.750,0.750,0.571,0.571,0.333,0.333,0.727,0.800,0.889,0.750,0.750,0.571,0.571,0.333,0.333
836,12951620.976,4,4,397,0,0,0,0,0,0.078,397,393,0.096,0.667,0.667,0.750,0.571,0.571,0.571,0.333,0.000,0.000,0.667,0.667,0.750,0.571,0.571,0.571,0.333,0.000,0.000
837,12951621.052,2,2,417,0,0,0,0,0,0.115,417,397,0.052,0.750,0.750,0.750,0.750,0.571,0.571,0.571,0.333,0.333,0.750,0.750,0.750,0.750,0.571,0.571,0.571,0.333,0.333
838,12951621.127,5,5,391,0,0,0,0,0,0.082,391,417,0.032,0.500,0.545,0.600,0.667,0.500,0.500,0.286,0.286,0.286,0.500,0.545,0.600,0.667,0.500,0.500,0.286,0.286,0.286
839,12951621.201,4,4,387,0,0,0,0,0,0.085,387,391,0.193,0.667,0.667,0.727,0.600,0.600,0.600,0.250,0.250,0.250,0.667,0.667,0.727,0.600,0.600,0.600,0.250,0.250,0.250
840,12951621.274,2,2,407,0,0,0,0,0,0.088,407,387,0.098,0.769,0.769,0.667,0.727,0.600,0.600,0.600,0.500,0.286,0.769,0.769,0.667,0.727,0.600,0.600,0.600,0.500,0.286
841,12951621.345,6,6,401,0,0,0,0,0,0.097,401,407,0.177,0.462,0.500,0.545,0.600,0.667,0.667,0.500,0.500,0.286,0.462,0.500,0.545,0.600,0.667,0.667,0.500,0.500,0.286
842,12951621.419,4,4,387,0,0,0,0,0,0.080,387,401,0.043,0.429,0.462,0.500,0.364,0.444,0.444,0.250,0.286,0.286,0.429,0.462,0.500,0.364,0.444,0.444,0.250,0.286,0.286
843,12951621.494,2,2,381,0,0,0,0,0,0.071,381,387,0.106,0.600,0.600,0.600,0.600,0.400,0.444,0.500,0.500,0.500,0.600,0.600,0.600,0.600,0.400,0.444,0.500,0.500,0.500
844,12951621.567,3,3,389,0,0,0,0,0,0.075,389,381,0.072,0.615,0.667,0.667,0.600,0.444,0.444,0.500,0.500,0.500,0.615,0.667,0.667,0.600,0.444,0.444,0.500,0.500,0.500
845,12951621.638,2,2,392,0,0,0,0,0,0.087,392,389,0.134,0.615,0.615,0.615,0.545,0.600,0.600,0.600,0.500,0.000,0.615,0.615,0.615,0.545,0.600,0.600,0.600,0.500,0.000
846,12951621.713,2,2,381,0,0,0,0,0,0.076,381,392,0.040,0.667,0.667,0.667,0.545,0.600,0.600,0.600,0.571,0.333,0.667,0.667,0.667,0.545,0.600,0.600,0.600,0.571,0.333
847,12951621.787,3,3,386,0,0,0,0,0,0.091,386,381,0.034,0.714,0.833,0.727,0.600,0.667,0.667,0.500,0.500,0.500,0.714,0.833,0.727,0.600,0.667,0.667,0.500,0.500,0.500
848,12951621.860,2,2,407,0,0,0,0,0,0.101,407,386,0.131,0.615,0.615,0.615,0.500,0.545,0.444,0.500,0.500,0.500,0.615,0.615,0.615,0.500,0.545,0.444,0.500,0.500,0.500
849,12951621.933,4,4,388,0,0,0,0,0,0.077,388,407,0.101,0.571,0.571,0.615,0.500,0.545,0.400,0.444,0.250,0.250,0.571,0.571,0.615,0.500,0.545,0.400,0.444,0.250,0.250
850,12951622.008,5,5,400,0,0,0,0,0,0.092,400,388,0.193,0.400,0.400,0.429,0.500,0.400,0.250,0.250,0.286,0.286,0.400,0.400,0.429,0.500,0.400,0.250,0.250,0.286,0.286
851,12951622.081,3,3,396,0,0,0,0,0,0.106,396,400,0.007,0.571,0.667,0.667,0.400,0.500,0.500,0.286,0.286,0.286,0.571,0.667,0.500,0.400,0.500,0.500,0.286,0.286,0.286
852,12951622.155,7,7,390,0,0,0,0,0,0.064,390,396,0.033,0.333,0.333,0.400,0.400,0.400,0.444,0.250,0.000,0.000,0.333,0.333,0.400,0.400,0.400,0.444,0.250,0.000,0.000
853,12951622.227,2,2,397,0,0,0,0,0,0.081,397,390,0.189,0.727,0.727,0.600,0.545,0.500,0.500,0.500,0.286,0.286,0.727,0.727,0.600,0.545,0.500,0.500,0.500,0.286,0.286
854,12951622.302,3,3,386,0,0,0,0,0,0.114,386,397,0.165,0.533,0.615,0.500,0.400,0.400,0.444,0.250,0.250,0.000,0.533,0.615,0.500,0.400,0.400,0.444,0.250,0.250,0.000
855,12951622.377,4,4,396,0,0,0,0,0,0.121,396,386,0.140,0.429,0.462,0.500,0.500,0.500,0.400,0.400,0.444,0.444,0.429,0.462,0.500,0.500,0.500,0.400,0.400,0.444,0.444
856,12951622.449,4,4,396,0,0,0,0,0,0.106,396,396,0.097,0.571,0.571,0.615,0.500,0.500,0.364,0.200,0.222,0.222,0.571,0.571,0.615,0.500,0.500,0.364,0.200,0.222,0.222
857,12951622.521,3,3,391,0,0,0,0,0,0.092,391,396,0.119,0.533,0.571,0.571,0.500,0.400,0.400,0.400,0.222,0.000,0.533,0.571,0.571,0.500,0.400,0.400,0.400,0.222,0.000
858,12951622.597,2,2,413,0,0,0,0,0,0.109,413,391,0.149,0.769,0.769,0.769,0.769,0.615,0.667,0.444,0.444,0.286,0.769,0.769,0.769,0.769,0.615,0.667,0.444,0.444,0.286
859,12951622.671,3,3,393,0,0,0,0,0,0.071,393,413,0.211,0.714,0.769,0.769,0.769,0.615,0.615,0.400,0.250,0.250,0.571,0.615,0.615,0.615,0.462,0.615,0.400,0.250,0.250
860,12951622.744,4,4,391,0,0,0,0,0,0.095,391,393,0.132,0.333,0.333,0.364,0.222,0.222,0.222,0.222,0.222,0.222,0.333,0.333,0.364,0.222,0.222,0.222,0.222,0.222,0.222
861,12951622.816,2,2,398,0,0,0,0,0,0.106,398,391,0.185,0.667,0.667,0.571,0.500,0.500,0.400,0.400,0.222,0.250,0.667,0.667,0.571,0.500,0.500,0.400,0.400,0.222,0.250
862,12951622.887,2,2,401,0,0,0,0,0,0.107,401,398,0.179,0.615,0.615,0.615,0.615,0.615,0.500,0.545,0.400,0.222,0.615,0.615,0.615,0.615,0.615,0.500,0.545,0.400,0.222
863,12951622.961,2,2,389,0,0,0,0,0,0.077,389,401,0.073,0.714,0.714,0.667,0.667,0.545,0.545,0.545,0.400,0.250,0.714,0.714,0.667,0.667,0.545,0.545,0.545,0.400,0.250
864,12951623.107,4,4,403,0,0,0,0,0,0.087,403,389,0.149,0.571,0.571,0.615,0.545,0.400,0.400,0.444,0.250,0.250,0.571,0.571,0.615,0.545,0.400,0.400,0.444,0.250,0.250
865,12951623.179,2,2,386,0,0,0,0,0,0.098,386,403,0.076,0.667,0.667,0.571,0.615,0.545,0.545,0.600,0.000,0.000,0.667,0.667,0.571,0.615,0.545,0.545,0.600,0.000,0.000
866,12951623.254,6,6,387,0,0,0,0,0,0.083,387,386,0.066,0.500,0.500,0.545,0.545,0.600,0.250,0.250,0.250,0.286,0.500,0.500,0.545,0.545,0.600,0.250,0.250,0.250,0.286
867,12951623.327,4,4,383,0,0,0,0,0,0.086,383,387,0.212,0.667,0.667,0.714,0.615,0.545,0.400,0.400,0.444,0.250,0.667,0.667,0.714,0.615,0.545,0.400,0.400,0.444,0.250
868,12951623.399,2,2,372,0,0,0,0,0,0.081,372,383,0.252,0.714,0.714,0.714,0.667,0.667,0.545,0.400,0.250,0.000,0.714,0.714,0.714,0.667,0.667,0.545,0.400,0.250,0.000
869,12951623.473,2,2,363,0,0,0,0,0,0.094,363,372,0.080,0.727,0.727,0.727,0.727,0.600,0.600,0.600,0.500,0.000,0.727,0.727,0.727,0.727,0.600,0.600,0.600,0.500,0.000
870,12951623.547,4,4,362,0,0,0,0,0,0.072,362,363,0.173,0.400,0.400,0.444,0.444,0.250,0.250,0.250,0.286,0.000,0.400,0.400,0.444,0.444,0.250,0.250,0.250,0.286,0.000
871,12951623.620,5,5,352,0,0,0,0,0,0.054,352,362,0.040,0.600,0.600,0.600,0.667,0.500,0.286,0.286,0.000,0.000,0.600,0.600,0.600,0.667,0.500,0.286,0.286,0.000,0.000
872,12951623.693,2,2,359,0,0,0,0,0,0.072,359,352,0.218,0.615,0.615,0.545,0.600,0.600,0.250,0.000,0.000,0.000,0.615,0.615,0.545,0.600,0.600,0.250,0.000,0.000,0.000
873,12951623.765,4,4,368,0,0,0,0,0,0.073,368,359,0.092,0.571,0.615,0.667,0.667,0.667,0.667,0.286,0.000,0.000,0.571,0.615,0.667,0.667,0.667,0.667,0.286,0.000,0.000
874,12951623.839,5,5,346,0,0,0,0,0,0.061,346,368,0.102,0.364,0.364,0.364,0.444,0.250,0.250,0.000,0.000,0.000,0.364,0.364,0.364,0.444,0.250,0.250,0.000,0.000,0.000
875,12951623.913,2,2,364,0,0,0,0,0,0.077,364,346,0.111,0.667,0.667,0.667,0.545,0.600,0.600,0.444,0.000,0.000,0.667,0.667,0.667,0.545,0.600,0.600,0.444,0.000,0.000
876,12951623.985,2,2,374,0,0,0,0,0,0.083,374,364,0.165,0.667,0.667,0.600,0.600,0.444,0.444,0.444,0.444,0.444,0.667,0.667,0.600,0.600,0.444,0.444,0.444,0.444,0.444
877,12951624.058,2,2,375,0,0,0,0,0,0.077,375,374,0.231,0.769,0.769,0.769,0.545,0.444,0.444,0.444,0.444,0.444,0.769,0.769,0.769,0.545,0.444,0.444,0.444,0.444,0.444
878,12951624.131,5,5,368,0,0,0,0,0,0.076,368,375,0.169,0.545,0.545,0.545,0.600,0.600,0.444,0.444,0.250,0.286,0.545,0.545,0.545,0.600,0.600,0.444,0.444,0.250,0.286
879,12951624.204,2,2,363,0,0,0,0,0,0.063,363,368,0.239,0.833,0.833,0.833,0.600,0.444,0.444,0.500,0.286,0.286,0.833,0.833,0.833,0.600,0.444,0.444,0.500,0.286,0.286
880,12951624.277,6,6,363,0,0,0,0,0,0.055,363,363,0.232,0.545,0.545,0.667,0.667,0.750,0.571,0.571,0.333,0.333,0.545,0.545,0.667,0.667,0.750,0.571,0.571,0.333,0.333
881,12951624.350,6,6,370,0,0,0,0,0,0.065,370,363,0.205,0.600,0.600,0.667,0.667,0.750,0.333,0.333,0.333,0.333,0.600,0.600,0.667,0.667,0.750,0.333,0.333,0.333,0.333
882,12951624.423,5,5,379,0,0,0,0,0,0.082,379,370,0.321,0.545,0.545,0.545,0.600,0.600,0.600,0.444,0.250,0.000,0.545,0.545,0.545,0.600,0.600,0.600,0.444,0.250,0.000
883,12951624.497,2,2,392,0,0,0,0,0,0.071,392,379,0.254,0.833,0.833,0.727,0.667,0.667,0.667,0.286,0.286,0.286,0.833,0.833,0.727,0.667,0.667,0.667,0.286,0.286,0.286
884,12951624.571,4,4,377,0,0,0,0,0,0.074,377,392,0.335,0.727,0.600,0.750,0.750,0.750,0.750,0.571,0.333,0.333,0.727,0.600,0.750,0.750,0.750,0.750,0.571,0.333,0.333
885,12951624.643,8,8,388,0,0,0,0,0,0.064,388,377,0.302,0.727,0.727,0.727,0.750,0.750,0.750,0.857,0.667,0.400,0.727,0.727,0.727,0.750,0.750,0.750,0.857,0.667,0.400
886,12951624.716,2,2,389,0,0,0,0,0,0.059,389,388,0.160,0.769,0.727,0.727,0.727,0.727,0.600,0.600,0.600,0.286,0.769,0.727,0.727,0.727,0.727,0.600,0.600,0.600,0.286
887,12951624.792,5,5,379,0,0,0,0,0,0.082,379,389,0.100,0.667,0.667,0.667,0.727,0.600,0.600,0.600,0.500,0.500,0.667,0.667,0.667,0.727,0.600,0.600,0.600,0.500,0.500
888,12951624.865,7,7,364,0,0,0,0,0,0.049,364,379,0.281,0.727,0.727,0.800,0.667,0.750,0.857,0.857,0.667,0.400,0.727,0.727,0.800,0.667,0.750,0.857,0.857,0.667,0.400
889,12951624.939,3,3,360,0,0,0,0,0,0.067,360,364,0.254,0.615,0.727,0.727,0.727,0.727,0.286,0.286,0.286,0.000,0.615,0.727,0.727,0.727,0.727,0.286,0.286,0.286,0.000
890,12951625.011,2,2,384,0,0,0,0,0,0.091,384,360,0.256,0.714,0.667,0.667,0.615,0.667,0.545,0.400,0.400,0.222,0.714,0.667,0.667,0.615,0.667,0.545,0.400,0.400,0.222
891,12951625.086,2,2,378,0,0,0,0,0,0.074,378,384,0.331,0.833,0.833,0.833,0.727,0.727,0.727,0.727,0.444,0.250,0.833,0.833,0.833,0.727,0.727,0.727,0.727,0.444,0.250
892,12951625.161,3,3,380,0,0,0,0,0,0.071,380,378,0.211,0.727,0.800,0.800,0.800,0.800,0.800,0.500,0.286,0.333,0.727,0.800,0.800,0.800,0.800,0.800,0.500,0.286,0.333
893,12951625.234,3,3,378,0,0,0,0,0,0.069,378,380,0.124,0.615,0.727,0.727,0.727,0.600,0.444,0.444,0.286,0.286,0.615,0.727,0.727,0.727,0.600,0.444,0.444,0.286,0.286
894,12951625.306,2,2,405,0,0,0,0,0,0.089,405,378,0.292,0.769,0.769,0.667,0.615,0.615,0.545,0.400,0.250,0.250,0.769,0.769,0.667,0.615,0.615,0.545,0.400,0.250,0.250
895,12951625.381,4,4,389,0,0,0,0,0,0.067,389,405,0.194,0.615,0.615,0.667,0.667,0.600,0.600,0.600,0.250,0.286,0.615,0.615,0.667,0.667,0.600,0.600,0.600,0.250,0.286
896,12951625.455,2,2,374,0,0,0,0,0,0.075,374,389,0.202,0.667,0.667,0.667,0.545,0.545,0.444,0.444,0.250,0.000,0.667,0.667,0.500,0.545,0.545,0.444,0.444,0.250,0.000
897,12951625.529,2,2,391,0,0,0,0,0,0.066,391,374,0.104,0.333,0.333,0.333,0.333,0.200,0.222,0.222,0.222,0.222,0.333,0.333,0.333,0.333,0.200,0.222,0.222,0.222,0.222
898,12951625.600,2,2,382,0,0,0,0,0,0.092,382,391,0.187,0.706,0.706,0.571,0.500,0.545,0.400,0.400,0.222,0.222,0.706,0.706,0.571,0.500,0.545,0.400,0.400,0.222,0.222
899,12951625.676,5,5,377,0,0,0,0,0,0.082,377,382,0.156,0.533,0.533,0.571,0.615,0.500,0.364,0.222,0.222,0.222,0.533,0.533,0.571,0.615,0.500,0.364,0.222,0.222,0.222
900,12951625.750,4,4,369,0,0,0,0,0,0.065,369,377,0.149,0.462,0.462,0.545,0.444,0.444,0.286,0.286,0.286,0.286,0.462,0.462,0.545,0.444,0.444,0.286,0.286,0.286,0.286
901,12951625.823,2,2,369,0,0,0,0,0,0.079,369,369,0.100,0.500,0.500,0.364,0.364,0.400,0.400,0.250,0.000,0.000,0.500,0.500,0.364,0.364,0.400,0.400,0.250,0.000,0.000
902,12951625.896,3,3,384,0,0,0,0,0,0.086,384,369,0.161,0.462,0.500,0.364,0.364,0.364,0.364,0.364,0.222,0.000,0.462,0.500,0.364,0.364,0.364,0.364,0.364,0.222,0.000
903,12951625.968,4,4,384,0,0,0,0,0,0.083,384,384,0.087,0.533,0.571,0.615,0.500,0.500,0.222,0.222,0.222,0.222,0.533,0.571,0.615,0.500,0.500,0.222,0.222,0.222,0.222
904,12951626.042,6,6,381,0,0,0,0,0,0.081,381,384,0.218,0.714,0.714,0.714,0.714,0.769,0.769,0.545,0.222,0.222,0.714,0.714,0.714,0.714,0.769,0.769,0.545,0.222,0.222
905,12951626.116,6,6,399,0,0,0,0,0,0.100,399,381,0.242,0.533,0.615,0.667,0.667,0.727,0.727,0.600,0.250,0.250,0.533,0.615,0.667,0.667,0.727,0.727,0.600,0.250,0.250
906,12951626.188,8,5,397,0,0,0,0,0,0.101,397,399,0.173,0.400,0.429,0.429,0.500,0.500,0.500,0.615,0.500,0.222,0.400,0.429,0.429,0.500,0.500,0.500,0.462,0.500,0.222
907,12951626.260,4,4,396,0,0,0,0,0,0.096,396,397,0.211,0.714,0.714,0.769,0.769,0.769,0.769,0.667,0.667,0.727,0.714,0.714,0.769,0.769,0.769,0.769,0.667,0.667,0.727
908,12951626.336,2,2,399,0,0,0,0,0,0.105,399,396,0.165,0.500,0.364,0.364,0.364,0.364,0.364,0.364,0.400,0.400,0.500,0.364,0.364,0.364,0.364,0.364,0.364,0.400,0.400
909,12951626.409,8,8,389,0,0,0,0,0,0.085,389,399,0.107,0.400,0.400,0.444,0.444,0.444,0.444,0.500,0.500,0.286,0.400,0.400,0.444,0.444,0.444,0.444,0.500,0.500,0.286
910,12951626.480,4,4,382,0,0,0,0,0,0.084,382,389,0.152,0.462,0.462,0.500,0.500,0.500,0.364,0.400,0.400,0.222,0.462,0.462,0.500,0.500,0.500,0.364,0.400,0.400,0.222
911,12951626.553,5,5,391,0,0,0,0,0,0.095,391,382,0.237,0.667,0.667,0.667,0.714,0.500,0.364,0.364,0.364,0.200,0.667,0.667,0.667,0.714,0.500,0.364,0.364,0.364,0.200
912,12951626.627,4,4,380,0,0,0,0,0,0.089,380,391,0.295,0.706,0.706,0.750,0.750,0.615,0.364,0.364,0.200,0.200,0.706,0.706,0.750,0.750,0.615,0.364,0.364,0.200,0.200
913,12951626.701,2,2,381,0,0,0,0,0,0.084,381,380,0.151,0.615,0.615,0.615,0.545,0.545,0.545,0.400,0.400,0.250,0.615,0.615,0.615,0.545,0.545,0.545,0.400,0.400,0.250
914,12951626.774,4,4,383,0,0,0,0,0,0.081,383,381,0.183,0.545,0.545,0.600,0.444,0.444,0.250,0.250,0.250,0.250,0.545,0.545,0.600,0.444,0.444,0.250,0.250,0.250,0.250
915,12951626.845,2,2,383,0,0,0,0,0,0.094,383,383,0.233,0.615,0.500,0.500,0.545,0.400,0.400,0.545,0.545,0.545,0.615,0.500,0.500,0.545,0.400,0.400,0.545,0.545,0.545
916,12951626.920,3,3,390,0,0,0,0,0,0.095,390,383,0.286,0.667,0.714,0.615,0.615,0.500,0.500,0.500,0.500,0.364,0.667,0.714,0.615,0.615,0.500,0.500,0.500,0.500,0.364
917,12951626.995,3,3,390,0,0,0,0,0,0.103,390,390,0.177,0.667,0.714,0.714,0.500,0.364,0.364,0.200,0.200,0.200,0.533,0.571,0.571,0.500,0.364,0.364,0.200,0.200,0.200
918,12951627.067,2,2,402,0,0,0,0,1,0.114,403,390,0.204,0.750,0.750,0.750,0.714,0.615,0.500,0.364,0.364,0.364,0.750,0.750,0.750,0.714,0.615,0.500,0.364,0.364,0.364
919,12951627.138,4,4,395,0,0,0,0,0,0.101,395,403,0.138,0.533,0.533,0.615,0.615,0.364,0.364,0.364,0.364,0.364,0.533,0.533,0.615,0.615,0.364,0.364,0.364,0.364,0.364
920,12951627.211,4,4,400,0,0,0,0,0,0.145,400,395,0.067,0.400,0.400,0.615,0.545,0.545,0.545,0.545,0.545,0.444,0.400,0.400,0.615,0.545,0.545,0.545,0.545,0.545,0.444
921,12951627.284,2,2,393,0,0,0,0,0,0.112,393,400,0.123,0.667,0.667,0.545,0.364,0.364,0.400,0.600,0.600,0.444,0.667,0.667,0.545,0.364,0.364,0.400,0.600,0.600,0.444
922,12951627.357,2,2,386,0,0,0,0,0,0.122,386,393,0.159,0.800,0.714,0.714,0.571,0.462,0.545,0.545,0.545,0.545,0.800,0.714,0.714,0.571,0.462,0.545,0.545,0.545,0.545
923,12951627.430,4,4,379,0,0,0,0,0,0.100,379,386,0.182,0.308,0.308,0.333,0.182,0.200,0.200,0.222,0.222,0.250,0.308,0.308,0.333,0.182,0.200,0.200,0.222,0.222,0.250
924,12951627.505,4,4,387,0,0,0,0,0,0.088,387,379,0.120,0.267,0.267,0.286,0.286,0.167,0.167,0.200,0.200,0.200,0.267,0.267,0.286,0.286,0.167,0.167,0.200,0.200,0.200
925,12951627.652,2,2,369,0,0,0,0,0,0.100,369,387,0.206,0.667,0.667,0.571,0.462,0.333,0.333,0.364,0.364,0.333,0.667,0.667,0.571,0.462,0.333,0.333,0.364,0.364,0.333
926,12951627.724,4,4,382,0,0,0,0,0,0.113,382,369,0.082,0.571,0.667,0.727,0.600,0.600,0.600,0.600,0.600,0.444,0.571,0.667,0.727,0.600,0.600,0.600,0.600,0.600,0.444
927,12951627.796,3,3,372,0,0,0,0,0,0.108,372,382,0.178,0.615,0.667,0.600,0.600,0.444,0.444,0.444,0.444,0.444,0.615,0.667,0.600,0.600,0.444,0.444,0.444,0.444,0.444
928,12951627.871,4,4,376,0,0,0,0,0,0.122,376,372,0.056,0.571,0.571,0.615,0.545,0.222,0.222,0.222,0.222,0.222,0.571,0.571,0.615,0.545,0.222,0.222,0.222,0.222,0.222
929,12951627.943,3,3,392,0,0,0,0,0,0.115,392,376,0.097,0.667,0.714,0.714,0.667,0.545,0.400,0.364,0.364,0.400,0.667,0.714,0.714,0.667,0.545,0.400,0.364,0.364,0.400
930,12951628.016,4,4,400,0,0,0,0,0,0.142,400,392,0.074,0.625,0.667,0.714,0.615,0.364,0.364,0.364,0.333,0.333,0.625,0.667,0.714,0.615,0.364,0.364,0.364,0.333,0.333
931,12951628.089,4,4,383,0,0,0,0,0,0.120,383,400,0.010,0.667,0.667,0.769,0.667,0.667,0.545,0.500,0.545,0.545,0.533,0.533,0.615,0.500,0.500,0.364,0.333,0.364,0.364
932,12951628.163,2,2,374,0,0,0,0,0,0.083,374,383,0.163,0.667,0.667,0.545,0.600,0.600,0.444,0.250,0.250,0.250,0.667,0.667,0.545,0.600,0.600,0.444,0.250,0.250,0.250
933,12951628.236,2,2,383,0,0,0,0,0,0.102,383,374,0.187,0.769,0.769,0.769,0.667,0.545,0.545,0.545,0.545,0.545,0.615,0.615,0.615,0.500,0.364,0.364,0.364,0.364,0.364
934,12951628.309,4,4,374,0,0,0,0,0,0.099,374,383,0.035,0.667,0.667,0.727,0.600,0.444,0.444,0.400,0.400,0.400,0.667,0.667,0.727,0.600,0.444,0.444,0.400,0.400,0.400
935,12951628.382,2,2,390,0,0,0,0,0,0.105,390,374,0.117,0.667,0.667,0.615,0.667,0.667,0.545,0.500,0.364,0.400,0.667,0.667,0.615,0.667,0.667,0.545,0.500,0.364,0.400
936,12951628.456,4,5,385,0,0,0,0,0,0.132,385,390,0.112,0.556,0.588,0.625,0.533,0.400,0.429,0.429,0.429,0.429,0.444,0.471,0.500,0.533,0.400,0.429,0.429,0.429,0.429
937,12951628.531,2,2,394,0,0,0,0,0,0.122,394,385,0.130,0.308,0.308,0.308,0.308,0.308,0.308,0.167,0.167,0.167,0.308,0.308,0.308,0.308,0.308,0.308,0.167,0.167,0.167
938,12951628.604,6,6,403,0,0,0,0,0,0.117,403,394,0.085,0.429,0.462,0.500,0.500,0.545,0.400,0.400,0.364,0.200,0.429,0.462,0.500,0.500,0.545,0.400,0.400,0.364,0.200
939,12951628.675,2,2,405,0,0,0,0,0,0.133,405,403,0.073,0.444,0.444,0.400,0.308,0.308,0.333,0.182,0.182,0.182,0.444,0.444,0.400,0.308,0.308,0.333,0.182,0.182,0.182
940,12951628.749,2,2,392,0,0,0,0,0,0.115,392,405,0.143,0.737,0.737,0.625,0.429,0.429,0.429,0.462,0.500,0.500,0.632,0.632,0.500,0.286,0.286,0.286,0.308,0.333,0.333
941,12951628.823,2,2,395,0,0,0,0,0,0.116,395,392,0.148,0.615,0.615,0.615,0.615,0.500,0.364,0.364,0.400,0.400,0.462,0.462,0.462,0.462,0.333,0.182,0.182,0.200,0.200
942,12951628.896,2,2,390,0,0,0,0,0,0.100,390,395,0.115,0.462,0.462,0.462,0.462,0.462,0.333,0.333,0.333,0.333,0.462,0.462,0.462,0.462,0.462,0.333,0.333,0.333,0.333
943,12951628.970,2,2,402,0,0,0,0,0,0.127,402,390,0.257,0.750,0.750,0.667,0.615,0.615,0.615,0.364,0.364,0.364,0.750,0.750,0.667,0.615,0.615,0.615,0.364,0.364,0.364
944,12951629.044,4,4,404,0,0,0,0,0,0.111,404,402,0.033,0.737,0.706,0.750,0.667,0.615,0.615,0.615,0.500,0.364,0.526,0.588,0.625,0.533,0.462,0.462,0.462,0.333,0.182
945,12951629.118,4,4,395,0,0,0,0,0,0.134,395,404,0.148,0.706,0.706,0.750,0.667,0.571,0.571,0.462,0.333,0.333,0.588,0.588,0.625,0.533,0.429,0.429,0.308,0.167,0.167
946,12951629.193,4,4,404,0,0,0,0,0,0.129,404,395,0.066,0.588,0.588,0.667,0.667,0.667,0.571,0.571,0.462,0.333,0.471,0.471,0.533,0.533,0.533,0.429,0.429,0.308,0.167
947,12951629.265,4,4,392,0,0,0,0,0,0.133,392,404,0.157,0.625,0.625,0.667,0.667,0.571,0.571,0.462,0.462,0.462,0.500,0.500,0.533,0.533,0.429,0.429,0.308,0.308,0.308
948,12951629.338,3,3,395,0,0,0,0,0,0.122,395,392,0.226,0.737,0.778,0.706,0.500,0.333,0.333,0.333,0.333,0.333,0.737,0.778,0.706,0.500,0.333,0.333,0.333,0.333,0.333
949,12951629.413,2,2,407,0,0,0,0,0,0.138,407,395,0.223,0.824,0.824,0.800,0.800,0.714,0.500,0.462,0.333,0.333,0.824,0.824,0.800,0.800,0.714,0.500,0.462,0.333,0.167
950,12951629.487,4,4,421,0,0,0,0,0,0.164,421,407,0.008,0.476,0.526,0.667,0.667,0.571,0.462,0.500,0.364,0.364,0.476,0.526,0.667,0.667,0.571,0.462,0.500,0.364,0.182
951,12951629.560,2,2,385,0,0,0,0,0,0.119,385,421,0.223,0.625,0.625,0.533,0.533,0.533,0.571,0.333,0.364,0.364,0.625,0.625,0.533,0.533,0.533,0.571,0.333,0.364,0.364
952,12951629.633,2,2,406,0,0,0,0,0,0.116,406,385,0.388,0.706,0.706,0.625,0.667,0.615,0.615,0.364,0.364,0.364,0.706,0.706,0.625,0.667,0.615,0.615,0.364,0.364,0.364
953,12951629.708,5,5,404,0,0,0,0,0,0.151,404,406,0.324,0.588,0.588,0.588,0.714,0.615,0.545,0.545,0.545,0.400,0.588,0.588,0.588,0.714,0.615,0.545,0.545,0.545,0.400
954,12951629.781,2,2,395,0,0,0,0,1,0.141,396,404,0.183,0.533,0.533,0.462,0.462,0.462,0.333,0.333,0.333,0.364,0.533,0.533,0.462,0.462,0.462,0.333,0.333,0.333,0.364
955,12951629.856,6,6,416,0,0,0,0,0,0.163,416,396,0.206,0.625,0.625,0.667,0.667,0.714,0.714,0.500,0.364,0.364,0.500,0.500,0.533,0.667,0.714,0.714,0.500,0.364,0.364
956,12951629.928,4,4,431,0,0,0,0,0,0.158,431,416,0.113,0.750,0.750,0.800,0.750,0.800,0.667,0.571,0.500,0.500,0.625,0.625,0.667,0.625,0.667,0.667,0.571,0.500,0.500
957,12951630.443,4,4,410,0,0,0,0,0,0.144,410,431,0.216,0.625,0.625,0.667,0.667,0.667,0.667,0.462,0.462,0.462,0.625,0.625,0.667,0.667,0.667,0.667,0.462,0.462,0.462
958,12951630.514,3,3,407,0,0,0,0,1,0.137,408,410,0.064,0.533,0.571,0.571,0.462,0.462,0.333,0.364,0.308,0.308,0.533,0.571,0.571,0.462,0.462,0.333,0.364,0.308,0.308
959,12951630.589,3,3,409,0,0,0,0,0,0.130,409,408,0.209,0.632,0.667,0.588,0.625,0.667,0.571,0.462,0.333,0.364,0.632,0.667,0.588,0.625,0.667,0.571,0.462,0.333,0.364
960,12951630.664,4,4,403,0,0,0,0,0,0.112,403,409,0.118,0.588,0.588,0.625,0.571,0.571,0.462,0.182,0.182,0.200,0.471,0.471,0.500,0.429,0.429,0.308,0.000,0.000,0.000
961,12951630.739,5,5,406,0,0,0,0,0,0.128,406,403,0.279,0.714,0.714,0.667,0.769,0.667,0.500,0.364,0.400,0.400,0.714,0.714,0.667,0.769,0.667,0.500,0.364,0.400,0.400
962,12951630.811,4,4,408,0,0,0,0,1,0.156,409,406,0.307,0.625,0.625,0.667,0.667,0.571,0.571,0.462,0.364,0.400,0.625,0.625,0.667,0.667,0.571,0.571,0.462,0.364,0.400
963,12951630.881,4,4,407,0,0,0,0,0,0.128,407,409,0.195,0.533,0.533,0.615,0.615,0.500,0.200,0.200,0.200,0.200,0.533,0.533,0.615,0.615,0.500,0.200,0.200,0.200,0.200
964,12951630.957,3,3,420,0,0,0,0,1,0.157,421,407,0.232,0.632,0.706,0.588,0.667,0.571,0.615,0.500,0.364,0.364,0.632,0.706,0.588,0.667,0.571,0.615,0.500,0.364,0.364
965,12951631.030,6,6,403,0,0,0,0,0,0.161,403,421,0.169,0.588,0.625,0.625,0.714,0.769,0.769,0.667,0.545,0.545,0.588,0.625,0.625,0.714,0.769,0.769,0.667,0.545,0.545
966,12951631.102,2,2,408,0,0,0,0,0,0.125,408,403,0.015,0.714,0.714,0.714,0.667,0.667,0.714,0.615,0.545,0.600,0.714,0.714,0.714,0.667,0.667,0.714,0.615,0.545,0.600
967,12951631.179,2,2,399,0,0,0,0,0,0.123,399,408,0.178,0.615,0.615,0.615,0.615,0.615,0.615,0.615,0.545,0.545,0.615,0.615,0.615,0.615,0.615,0.615,0.615,0.545,0.545
968,12951631.253,6,6,387,0,0,0,0,0,0.109,387,399,0.170,0.714,0.714,0.667,0.667,0.769,0.667,0.545,0.545,0.545,0.714,0.714,0.667,0.667,0.769,0.667,0.545,0.545,0.545
969,12951631.326,5,5,415,0,0,0,0,0,0.130,415,387,0.204,0.588,0.588,0.667,0.714,0.500,0.667,0.545,0.545,0.545,0.588,0.588,0.667,0.714,0.500,0.500,0.545,0.545,0.545
970,12951631.399,4,4,413,0,0,0,0,0,0.140,413,415,0.175,0.625,0.625,0.667,0.615,0.667,0.545,0.545,0.545,0.545,0.625,0.625,0.667,0.615,0.667,0.545,0.545,0.545,0.545
971,12951631.471,2,2,401,0,0,0,0,0,0.127,401,413,0.251,0.714,0.714,0.615,0.615,0.615,0.667,0.667,0.545,0.545,0.714,0.714,0.615,0.615,0.615,0.667,0.667,0.545,0.545
972,12951631.545,10,10,406,0,0,0,0,0,0.113,406,401,0.108,0.588,0.625,0.571,0.571,0.571,0.615,0.615,0.667,0.727,0.588,0.625,0.571,0.571,0.571,0.615,0.615,0.667,0.727
973,12951631.618,6,6,420,0,0,0,0,0,0.148,420,406,0.241,0.667,0.667,0.714,0.667,0.769,0.727,0.600,0.600,0.600,0.533,0.533,0.571,0.667,0.769,0.727,0.600,0.600,0.600
974,12951631.690,5,7,424,0,0,0,0,0,0.144,424,420,0.218,0.750,0.750,0.750,0.769,0.769,0.714,0.615,0.667,0.545,0.625,0.625,0.625,0.615,0.615,0.714,0.615,0.667,0.545
975,12951631.762,5,5,383,0,0,0,0,0,0.107,383,424,0.196,0.571,0.571,0.571,0.615,0.545,0.545,0.545,0.545,0.400,0.571,0.571,0.571,0.615,0.545,0.545,0.545,0.545,0.400
976,12951631.837,3,3,403,0,0,0,0,0,0.127,403,383,0.264,0.667,0.714,0.714,0.615,0.545,0.545,0.545,0.545,0.400,0.667,0.714,0.714,0.615,0.545,0.545,0.545,0.545,0.400
977,12951631.911,2,2,387,0,0,0,0,0,0.150,387,403,0.377,0.875,0.875,0.875,0.800,0.500,0.500,0.500,0.500,0.500,0.875,0.875,0.875,0.800,0.500,0.500,0.500,0.500,0.500
978,12951631.983,4,4,388,0,0,0,0,0,0.155,388,387,0.255,0.778,0.778,0.824,0.750,0.800,0.615,0.615,0.500,0.500,0.778,0.778,0.824,0.750,0.800,0.615,0.615,0.500,0.500
979,12951632.056,2,2,380,0,0,0,0,0,0.126,380,388,0.210,0.750,0.750,0.750,0.667,0.545,0.545,0.545,0.500,0.400,0.750,0.750,0.750,0.667,0.545,0.545,0.545,0.500,0.400
980,12951632.130,4,4,385,0,0,0,0,0,0.122,385,380,0.150,0.667,0.667,0.706,0.667,0.462,0.333,0.333,0.364,0.364,0.667,0.667,0.706,0.667,0.462,0.333,0.333,0.364,0.364
981,12951632.204,4,4,389,0,0,0,0,0,0.152,389,385,0.178,0.778,0.778,0.824,0.800,0.714,0.615,0.500,0.500,0.500,0.778,0.778,0.824,0.800,0.714,0.615,0.500,0.500,0.500
982,12951632.277,5,5,391,0,0,0,0,0,0.125,391,389,0.265,0.750,0.750,0.750,0.800,0.800,0.714,0.615,0.615,0.500,0.750,0.750,0.750,0.800,0.800,0.714,0.615,0.615,0.500
983,12951632.351,5,5,386,0,0,0,0,0,0.153,386,391,0.314,0.737,0.737,0.706,0.750,0.667,0.667,0.667,0.571,0.462,0.737,0.737,0.706,0.750,0.667,0.667,0.667,0.571,0.462
984,12951632.425,2,2,370,0,0,0,0,0,0.114,370,386,0.282,0.778,0.778,0.778,0.667,0.667,0.667,0.571,0.462,0.462,0.778,0.778,0.778,0.667,0.667,0.667,0.571,0.462,0.462
985,12951632.499,2,2,397,0,0,0,0,0,0.134,397,370,0.166,0.706,0.706,0.625,0.429,0.333,0.333,0.333,0.333,0.333,0.706,0.706,0.625,0.429,0.333,0.333,0.333,0.333,0.333
986,12951632.571,6,6,389,0,0,0,0,0,0.116,389,397,0.242,0.429,0.429,0.429,0.429,0.462,0.462,0.462,0.462,0.462,0.429,0.429,0.429,0.429,0.462,0.462,0.462,0.462,0.462
987,12951632.644,2,2,387,0,0,0,0,0,0.132,387,389,0.248,0.750,0.750,0.571,0.462,0.500,0.500,0.500,0.500,0.500,0.750,0.750,0.571,0.462,0.500,0.500,0.500,0.500,0.500
988,12951632.718,2,2,371,0,0,0,0,0,0.119,371,387,0.217,0.750,0.750,0.750,0.571,0.500,0.500,0.500,0.500,0.500,0.750,0.750,0.750,0.571,0.500,0.500,0.500,0.500,0.500
989,12951632.864,4,4,373,0,0,0,0,0,0.099,373,371,0.298,0.533,0.533,0.571,0.500,0.500,0.500,0.500,0.500,0.500,0.533,0.533,0.571,0.500,0.500,0.500,0.500,0.500,0.500
990,12951632.937,2,2,386,0,0,0,0,0,0.098,386,373,0.274,0.833,0.833,0.727,0.800,0.667,0.600,0.600,0.600,0.600,0.667,0.667,0.545,0.600,0.444,0.600,0.600,0.600,0.600
991,12951633.008,2,2,378,0,0,0,0,0,0.106,378,386,0.251,0.769,0.667,0.667,0.615,0.500,0.545,0.545,0.545,0.545,0.769,0.667,0.667,0.615,0.500,0.545,0.545,0.545,0.545
992,12951633.081,2,2,392,0,0,0,0,0,0.117,392,378,0.250,0.750,0.667,0.571,0.462,0.462,0.462,0.500,0.500,0.500,0.750,0.667,0.571,0.462,0.462,0.462,0.500,0.500,0.500
993,12951633.156,2,2,394,0,0,0,0,0,0.107,394,392,0.234,0.588,0.588,0.533,0.429,0.429,0.462,0.462,0.462,0.462,0.588,0.588,0.533,0.429,0.429,0.462,0.462,0.462,0.462
994,12951633.228,2,2,403,0,0,0,0,0,0.117,403,394,0.253,0.667,0.667,0.588,0.533,0.462,0.462,0.462,0.462,0.462,0.667,0.667,0.588,0.533,0.462,0.462,0.462,0.462,0.462
995,12951633.300,2,2,407,0,0,0,0,0,0.103,407,403,0.154,0.556,0.556,0.471,0.308,0.308,0.308,0.333,0.333,0.333,0.556,0.556,0.471,0.308,0.308,0.308,0.333,0.333,0.333
996,12951633.375,3,3,417,0,0,0,0,1,0.122,418,407,0.196,0.625,0.667,0.571,0.571,0.429,0.462,0.462,0.462,0.462,0.625,0.667,0.571,0.571,0.429,0.462,0.462,0.462,0.462
997,12951633.448,2,2,429,0,0,0,0,0,0.107,429,418,0.013,0.714,0.714,0.714,0.615,0.500,0.500,0.500,0.500,0.500,0.571,0.571,0.571,0.462,0.333,0.333,0.333,0.333,0.333
998,12951633.521,4,2,438,0,0,0,0,0,0.164,438,429,0.165,0.800,0.800,0.875,0.615,0.500,0.500,0.500,0.500,0.500,0.667,0.667,0.625,0.462,0.333,0.333,0.333,0.333,0.333
999,12951633.595,2,2,424,0,0,0,0,0,0.151,424,438,0.128,0.667,0.667,0.667,0.667,0.545,0.545,0.545,0.545,0.545,0.667,0.667,0.667,0.667,0.545,0.545,0.545,0.545,0.545
1000,12951633.669,2,2,423,0,0,0,0,1,0.144,424,424,0.195,0.714,0.714,0.615,0.500,0.500,0.500,0.364,0.364,0.200,0.714,0.714,0.615,0.500,0.500,0.500,0.364,0.364,0.200
1001,12951633.744,4,4,421,0,0,0,0,0,0.124,421,424,0.289,0.769,0.769,0.833,0.833,0.727,0.727,0.727,0.600,0.444,0.615,0.615,0.667,0.667,0.545,0.545,0.545,0.400,0.222
1002,12951633.817,4,4,405,0,0,0,0,0,0.123,405,421,0.184,0.769,0.769,0.833,0.833,0.800,0.800,0.800,0.667,0.667,0.615,0.615,0.667,0.667,0.600,0.600,0.600,0.444,0.444
1003,12951633.892,5,5,412,0,0,0,0,0,0.117,412,405,0.157,0.500,0.500,0.500,0.545,0.545,0.400,0.400,0.400,0.400,0.500,0.500,0.500,0.545,0.545,0.400,0.400,0.400,0.400
1004,12951633.965,2,2,406,0,0,0,0,0,0.116,406,412,0.208,0.909,0.909,0.909,0.800,0.667,0.667,0.667,0.667,0.600,0.727,0.727,0.727,0.600,0.444,0.444,0.444,0.444,0.400
1005,12951634.040,4,4,393,0,0,0,0,0,0.094,393,406,0.287,0.667,0.667,0.727,0.727,0.600,0.727,0.600,0.600,0.600,0.667,0.667,0.727,0.727,0.600,0.727,0.600,0.600,0.600
1006,12951634.113,2,2,386,0,0,0,0,0,0.109,386,393,0.268,0.727,0.727,0.727,0.727,0.727,0.727,0.600,0.600,0.600,0.727,0.727,0.727,0.727,0.727,0.727,0.600,0.600,0.600
1007,12951634.184,2,2,399,0,0,0,0,0,0.108,399,386,0.384,0.769,0.769,0.727,0.727,0.727,0.600,0.600,0.600,0.600,0.769,0.769,0.727,0.727,0.727,0.600,0.600,0.600,0.600
1008,12951634.261,4,4,386,0,0,0,0,0,0.106,386,399,0.265,0.750,0.667,0.769,0.769,0.545,0.545,0.545,0.545,0.545,0.750,0.667,0.769,0.769,0.545,0.545,0.545,0.545,0.545
1009,12951634.335,2,2,400,0,0,0,0,1,0.115,401,386,0.214,0.833,0.833,0.833,0.833,0.833,0.600,0.600,0.600,0.600,0.667,0.667,0.667,0.667,0.667,0.400,0.400,0.400,0.400
1010,12951634.408,4,4,412,0,0,0,0,0,0.112,412,401,0.397,0.667,0.667,0.727,0.727,0.727,0.444,0.444,0.444,0.444,0.667,0.667,0.727,0.727,0.727,0.444,0.444,0.444,0.444
1011,12951634.482,4,4,388,0,0,0,0,0,0.108,388,412,0.263,0.667,0.714,0.769,0.667,0.600,0.600,0.600,0.600,0.600,0.533,0.571,0.615,0.500,0.400,0.400,0.400,0.400,0.400
1012,12951634.552,2,2,397,0,0,0,0,0,0.131,397,388,0.156,0.571,0.571,0.571,0.500,0.222,0.222,0.222,0.222,0.222,0.571,0.571,0.571,0.500,0.222,0.222,0.222,0.222,0.222
1013,12951634.626,2,2,396,0,0,0,0,0,0.104,396,397,0.285,0.857,0.857,0.857,0.833,0.727,0.600,0.600,0.600,0.600,0.714,0.714,0.714,0.667,0.545,0.400,0.400,0.400,0.400
1014,12951634.701,2,2,397,0,0,0,0,0,0.113,397,396,0.200,0.714,0.714,0.714,0.500,0.545,0.545,0.545,0.545,0.545,0.571,0.571,0.571,0.333,0.364,0.364,0.364,0.364,0.364
1015,12951634.774,4,4,404,0,0,0,0,0,0.109,404,397,0.171,0.667,0.667,0.727,0.600,0.600,0.600,0.600,0.600,0.600,0.500,0.500,0.545,0.400,0.400,0.400,0.400,0.400,0.400
1016,12951634.846,2,2,398,0,0,0,0,0,0.118,398,404,0.244,0.875,0.800,0.615,0.500,0.500,0.500,0.545,0.545,0.545,0.750,0.667,0.462,0.333,0.333,0.333,0.364,0.364,0.364
1017,12951634.921,2,2,411,0,0,0,0,0,0.117,411,398,0.295,0.714,0.714,0.714,0.615,0.500,0.500,0.500,0.500,0.545,0.571,0.571,0.571,0.462,0.333,0.333,0.333,0.333,0.364
1018,12951634.995,2,2,406,0,0,0,0,0,0.103,406,411,0.132,0.800,0.800,0.714,0.615,0.667,0.667,0.545,0.545,0.545,0.667,0.667,0.571,0.462,0.500,0.500,0.364,0.364,0.364
1019,12951635.066,2,2,400,0,0,0,0,0,0.115,400,406,0.314,0.800,0.800,0.800,0.714,0.769,0.667,0.667,0.545,0.545,0.800,0.800,0.800,0.714,0.769,0.667,0.667,0.545,0.545
1020,12951635.139,2,2,387,0,0,0,0,0,0.106,387,400,0.126,0.500,0.500,0.500,0.500,0.500,0.500,0.500,0.200,0.364,0.500,0.500,0.500,0.500,0.500,0.500,0.500,0.200,0.364
1021,12951635.214,2,2,399,0,0,0,0,0,0.108,399,387,0.198,0.769,0.769,0.667,0.667,0.667,0.400,0.222,0.222,0.222,0.615,0.615,0.500,0.500,0.500,0.200,0.222,0.222,0.222
1022,12951635.286,4,4,399,0,0,0,0,0,0.113,399,399,0.126,0.750,0.750,0.923,0.833,0.727,0.600,0.600,0.600,0.600,0.750,0.750,0.923,0.833,0.727,0.600,0.600,0.600,0.600
1023,12951635.360,2,2,396,0,0,0,0,0,0.114,396,399,0.047,0.857,0.857,0.857,0.769,0.667,0.667,0.667,0.545,0.545,0.714,0.714,0.714,0.615,0.500,0.500,0.500,0.364,0.364
1024,12951635.432,4,4,388,0,0,0,0,0,0.106,388,396,0.259,0.714,0.769,0.833,0.727,0.727,0.600,0.600,0.600,0.600,0.429,0.462,0.500,0.364,0.364,0.200,0.200,0.200,0.200
1025,12951635.506,2,2,410,0,0,0,0,0,0.107,410,388,0.206,0.615,0.615,0.500,0.500,0.545,0.400,0.400,0.400,0.400,0.462,0.462,0.333,0.333,0.364,0.200,0.200,0.200,0.200
1026,12951635.581,3,3,388,0,0,0,0,0,0.101,388,410,0.132,0.500,0.545,0.545,0.545,0.545,0.545,0.400,0.400,0.400,0.333,0.364,0.364,0.364,0.364,0.364,0.200,0.200,0.200
1027,12951635.652,2,2,399,0,0,0,0,0,0.103,399,388,0.226,0.800,0.800,0.615,0.615,0.667,0.667,0.545,0.545,0.545,0.667,0.667,0.462,0.462,0.500,0.500,0.364,0.364,0.364
1028,12951635.724,2,2,410,0,0,0,0,0,0.120,410,399,0.211,0.500,0.500,0.500,0.500,0.500,0.500,0.500,0.364,0.364,0.500,0.500,0.500,0.500,0.500,0.500,0.500,0.364,0.364
1029,12951635.800,2,2,405,0,0,0,0,0,0.119,405,410,0.014,0.545,0.545,0.545,0.545,0.545,0.545,0.400,0.400,0.444,0.364,0.364,0.364,0.364,0.364,0.364,0.200,0.200,0.222
1030,12951635.874,2,2,423,0,0,0,0,0,0.109,423,405,0.233,0.909,0.909,0.909,0.909,0.667,0.667,0.667,0.667,0.667,0.545,0.545,0.545,0.545,0.222,0.222,0.222,0.222,0.222
1031,12951635.946,4,2,405,0,0,0,0,0,0.131,405,423,0.191,0.750,0.667,0.769,0.769,0.667,0.667,0.545,0.545,0.545,0.625,0.533,0.615,0.615,0.500,0.500,0.364,0.364,0.364
1032,12951636.019,3,3,396,0,0,0,0,0,0.124,396,405,0.193,0.533,0.571,0.500,0.500,0.545,0.545,0.545,0.545,0.400,0.533,0.571,0.500,0.500,0.545,0.545,0.545,0.545,0.400
1033,12951636.094,2,2,382,0,0,0,0,0,0.115,382,396,0.191,0.571,0.571,0.500,0.500,0.545,0.400,0.400,0.400,0.400,0.571,0.571,0.500,0.500,0.545,0.400,0.400,0.400,0.400
1034,12951636.167,3,3,396,0,0,0,0,0,0.111,396,382,0.047,0.533,0.615,0.500,0.444,0.444,0.444,0.444,0.444,0.444,0.400,0.462,0.333,0.222,0.222,0.222,0.222,0.222,0.222
1035,12951636.241,2,2,396,0,0,0,0,0,0.119,396,396,0.026,0.667,0.667,0.667,0.545,0.400,0.400,0.400,0.400,0.400,0.667,0.667,0.667,0.545,0.400,0.400,0.400,0.400,0.400
1036,12951636.313,2,2,392,0,0,0,0,0,0.115,392,396,0.055,0.769,0.769,0.769,0.667,0.667,0.545,0.364,0.364,0.364,0.462,0.462,0.462,0.333,0.333,0.182,0.182,0.182,0.182
1037,12951636.386,5,5,376,0,0,0,0,0,0.109,376,392,0.231,0.727,0.727,0.727,0.800,0.800,0.667,0.667,0.667,0.667,0.545,0.545,0.545,0.600,0.600,0.444,0.444,0.444,0.444
1038,12951636.535,2,2,386,0,0,0,0,0,0.119,386,376,0.175,0.800,0.800,0.667,0.667,0.500,0.500,0.500,0.500,0.500,0.600,0.600,0.444,0.444,0.250,0.250,0.250,0.250,0.250
1039,12951636.607,2,2,378,0,0,0,0,0,0.101,378,386,0.149,0.667,0.667,0.667,0.667,0.500,0.500,0.500,0.500,0.500,0.667,0.667,0.667,0.667,0.500,0.500,0.500,0.500,0.500
1040,12951636.682,2,2,369,0,0,0,0,0,0.108,369,378,0.086,0.667,0.667,0.667,0.667,0.500,0.500,0.500,0.500,0.500,0.444,0.444,0.444,0.444,0.250,0.250,0.250,0.250,0.250
1041,12951636.754,4,4,365,0,0,0,0,0,0.099,365,369,0.064,0.545,0.545,0.600,0.444,0.444,0.444,0.444,0.444,0.444,0.364,0.364,0.400,0.222,0.222,0.222,0.222,0.222,0.222
1042,12951636.827,2,2,364,0,0,0,0,0,0.110,364,365,0.115,0.545,0.545,0.545,0.545,0.400,0.400,0.444,0.444,0.444,0.545,0.545,0.545,0.545,0.400,0.400,0.444,0.444,0.444
1043,12951636.901,2,2,390,0,0,0,0,0,0.133,390,364,0.052,0.769,0.769,0.600,0.600,0.600,0.444,0.444,0.444,0.400,0.769,0.769,0.600,0.600,0.600,0.444,0.444,0.444,0.400
1044,12951636.972,2,2,389,0,0,0,0,0,0.131,389,390,0.132,0.600,0.600,0.600,0.444,0.444,0.444,0.444,0.444,0.444,0.400,0.400,0.400,0.222,0.222,0.222,0.222,0.222,0.222
1045,12951637.046,3,3,379,0,0,0,0,0,0.119,379,389,0.011,0.615,0.667,0.600,0.444,0.444,0.444,0.444,0.444,0.444,0.462,0.500,0.400,0.222,0.222,0.222,0.222,0.222,0.222
1046,12951637.120,2,2,387,0,0,0,0,0,0.134,387,379,0.144,0.545,0.545,0.444,0.444,0.250,0.250,0.250,0.250,0.250,0.364,0.364,0.222,0.222,0.000,0.000,0.000,0.000,0.000
1047,12951637.192,2,2,374,0,0,0,0,0,0.099,374,387,0.119,0.769,0.769,0.769,0.727,0.727,0.600,0.600,0.600,0.600,0.769,0.769,0.769,0.727,0.727,0.600,0.600,0.600,0.600
1048,12951637.264,2,2,380,0,0,0,0,0,0.124,380,374,0.059,0.667,0.667,0.667,0.545,0.600,0.444,0.444,0.444,0.444,0.667,0.667,0.500,0.364,0.400,0.222,0.222,0.444,0.444
1049,12951637.339,2,2,409,0,0,0,0,0,0.125,409,380,0.121,0.615,0.615,0.615,0.615,0.400,0.400,0.400,0.400,0.400,0.462,0.462,0.462,0.462,0.200,0.200,0.200,0.400,0.400
1050,12951637.413,3,3,384,0,0,0,0,0,0.104,384,409,0.059,0.462,0.500,0.500,0.400,0.400,0.222,0.222,0.222,0.222,0.308,0.333,0.333,0.200,0.200,0.000,0.000,0.000,0.000
1051,12951637.485,6,3,402,0,0,0,0,0,0.147,402,384,0.068,0.500,0.533,0.462,0.500,0.545,0.545,0.400,0.400,0.400,0.375,0.400,0.308,0.333,0.364,0.364,0.200,0.200,0.200
1052,12951637.559,5,5,401,0,0,0,0,0,0.120,401,402,0.082,0.545,0.545,0.600,0.667,0.667,0.667,0.667,0.667,0.667,0.545,0.545,0.600,0.667,0.667,0.667,0.667,0.667,0.667
1053,12951637.634,6,6,394,0,0,0,0,1,0.129,395,401,0.096,0.533,0.500,0.500,0.500,0.545,0.545,0.545,0.400,0.400,0.533,0.500,0.500,0.500,0.545,0.545,0.545,0.400,0.400
1054,12951637.707,4,4,409,0,0,0,0,0,0.105,409,395,0.096,0.462,0.545,0.600,0.600,0.444,0.250,0.444,0.444,0.444,0.462,0.545,0.600,0.600,0.444,0.250,0.222,0.222,0.222
1055,12951637.782,4,4,398,0,0,0,0,0,0.093,398,409,0.200,0.500,0.500,0.545,0.222,0.222,0.222,0.222,0.222,0.400,0.500,0.500,0.545,0.222,0.222,0.222,0.222,0.222,0.200
1056,12951637.853,2,7,388,0,0,0,0,1,0.087,389,398,0.090,0.545,0.545,0.545,0.400,0.400,0.400,0.400,0.400,0.400,0.364,0.364,0.364,0.200,0.200,0.400,0.400,0.400,0.400
1057,12951637.925,4,4,408,0,0,0,0,1,0.130,409,389,0.091,0.714,0.714,0.769,0.545,0.545,0.545,0.400,0.400,0.400,0.714,0.714,0.769,0.545,0.545,0.545,0.400,0.400,0.400
1058,12951638.001,5,5,397,0,0,0,0,0,0.118,397,409,0.119,0.429,0.429,0.500,0.545,0.545,0.545,0.545,0.400,0.400,0.429,0.429,0.500,0.545,0.545,0.545,0.545,0.400,0.400
1059,12951638.075,2,2,389,0,0,0,0,0,0.098,389,397,0.083,0.444,0.444,0.444,0.444,0.444,0.250,0.250,0.250,0.250,0.444,0.444,0.444,0.444,0.444,0.250,0.250,0.250,0.250
1060,12951638.147,3,3,405,0,0,0,0,0,0.119,405,389,0.080,0.364,0.400,0.000,0.000,0.000,0.000,0.222,0.222,0.222,0.364,0.400,0.000,0.000,0.000,0.000,0.000,0.000,0.000
1061,12951638.222,4,4,404,0,0,0,0,0,0.114,404,405,0.100,0.429,0.462,0.500,0.200,0.200,0.200,0.200,0.200,0.200,0.429,0.462,0.500,0.200,0.200,0.200,0.200,0.200,0.200
1062,12951638.296,2,2,384,0,0,0,0,0,0.094,384,404,0.203,0.769,0.769,0.667,0.545,0.400,0.400,0.400,0.400,0.222,0.769,0.769,0.667,0.545,0.400,0.400,0.400,0.400,0.222
1063,12951638.370,4,4,383,0,0,0,0,0,0.086,383,384,0.137,0.714,0.714,0.769,0.545,0.545,0.545,0.400,0.400,0.400,0.714,0.714,0.769,0.545,0.545,0.545,0.400,0.400,0.400
1064,12951638.444,2,2,400,0,0,0,0,0,0.110,400,383,0.097,0.615,0.615,0.615,0.400,0.400,0.400,0.400,0.400,0.400,0.615,0.615,0.615,0.400,0.400,0.400,0.400,0.400,0.400
1065,12951638.515,2,2,390,0,0,0,0,0,0.095,390,400,0.152,0.571,0.571,0.571,0.364,0.364,0.364,0.364,0.364,0.364,0.571,0.571,0.571,0.364,0.364,0.364,0.364,0.364,0.364
1066,12951638.588,2,2,408,0,0,0,0,0,0.096,408,390,0.065,0.667,0.667,0.667,0.545,0.545,0.545,0.545,0.545,0.545,0.667,0.667,0.667,0.545,0.545,0.545,0.545,0.545,0.545
1067,12951638.663,4,4,389,0,0,0,0,0,0.111,389,408,0.147,0.615,0.615,0.667,0.667,0.400,0.400,0.400,0.400,0.400,0.615,0.615,0.667,0.667,0.400,0.400,0.400,0.400,0.400
1068,12951638.735,4,4,397,0,0,0,0,0,0.081,397,389,0.131,0.545,0.545,0.600,0.600,0.444,0.444,0.444,0.444,0.444,0.545,0.545,0.600,0.600,0.444,0.444,0.444,0.444,0.444
1069,12951638.809,2,2,414,0,0,0,0,0,0.101,414,397,0.095,0.400,0.400,0.400,0.400,0.400,0.400,0.400,0.400,0.400,0.400,0.400,0.400,0.400,0.400,0.400,0.400,0.400,0.400
1070,12951638.885,5,5,405,0,0,0,0,0,0.114,405,414,0.157,0.462,0.500,0.500,0.545,0.400,0.400,0.400,0.400,0.400,0.462,0.500,0.500,0.545,0.400,0.400,0.400,0.400,0.400
1071,12951638.958,2,2,398,0,0,0,0,0,0.106,398,405,0.134,0.600,0.600,0.600,0.600,0.444,0.444,0.444,0.444,0.444,0.600,0.600,0.600,0.600,0.444,0.444,0.444,0.444,0.444
1072,12951639.029,2,2,387,0,0,0,0,0,0.088,387,398,0.111,0.600,0.600,0.600,0.600,0.600,0.444,0.444,0.444,0.444,0.600,0.600,0.600,0.600,0.600,0.444,0.444,0.444,0.444
1073,12951639.102,2,2,394,0,0,0,0,0,0.086,394,387,0.106,0.667,0.667,0.667,0.500,0.500,0.500,0.500,0.500,0.500,0.667,0.667,0.667,0.500,0.500,0.500,0.500,0.500,0.500
1074,12951639.177,2,2,382,0,0,0,0,0,0.099,382,394,0.190,0.727,0.727,0.727,0.600,0.600,0.600,0.600,0.600,0.600,0.727,0.727,0.727,0.600,0.600,0.600,0.600,0.600,0.600
1075,12951639.250,2,2,381,0,0,0,0,0,0.081,381,382,0.107,0.444,0.444,0.444,0.250,0.250,0.250,0.250,0.250,0.250,0.444,0.444,0.444,0.250,0.250,0.250,0.250,0.250,0.250
1076,12951639.323,2,2,383,0,0,0,0,0,0.089,383,381,0.138,0.600,0.600,0.600,0.444,0.444,0.444,0.444,0.444,0.444,0.600,0.600,0.600,0.444,0.444,0.444,0.444,0.444,0.444
1077,12951639.394,2,2,368,0,0,0,0,0,0.084,368,383,0.020,0.444,0.444,0.444,0.444,0.250,0.250,0.250,0.250,0.250,0.444,0.444,0.444,0.444,0.250,0.250,0.250,0.250,0.250
1078,12951639.468,3,3,389,0,0,0,0,1,0.097,390,368,0.127,0.500,0.545,0.545,0.545,0.545,0.400,0.400,0.400,0.400,0.500,0.545,0.545,0.545,0.545,0.400,0.400,0.400,0.400
1079,12951639.543,2,2,398,0,0,0,0,0,0.108,398,390,0.131,0.667,0.667,0.545,0.545,0.545,0.545,0.400,0.400,0.400,0.667,0.667,0.545,0.545,0.545,0.545,0.400,0.400,0.400
1080,12951639.615,2,2,387,0,0,0,0,0,0.096,387,398,0.242,0.833,0.833,0.833,0.833,0.833,0.727,0.727,0.727,0.600,0.833,0.833,0.833,0.833,0.833,0.727,0.727,0.727,0.600
1081,12951639.686,2,2,382,0,0,0,0,0,0.107,382,387,0.155,0.462,0.462,0.462,0.333,0.333,0.333,0.333,0.364,0.364,0.308,0.308,0.308,0.167,0.167,0.167,0.167,0.182,0.182
1082,12951639.762,2,2,394,0,0,0,0,0,0.112,394,382,0.054,0.500,0.500,0.364,0.364,0.500,0.500,0.500,0.500,0.500,0.500,0.500,0.364,0.364,0.500,0.500,0.500,0.500,0.500
1083,12951639.836,2,2,389,0,0,0,0,0,0.113,389,394,0.109,0.429,0.429,0.308,0.167,0.182,0.182,0.200,0.200,0.200,0.429,0.429,0.308,0.167,0.182,0.182,0.200,0.200,0.200
1084,12951639.908,2,2,395,0,0,0,0,0,0.101,395,389,0.154,0.571,0.571,0.571,0.333,0.364,0.364,0.364,0.364,0.364,0.571,0.571,0.571,0.333,0.364,0.364,0.364,0.364,0.364
1085,12951639.981,7,7,376,0,0,0,0,0,0.090,376,395,0.158,0.333,0.333,0.333,0.333,0.364,0.400,0.400,0.400,0.400,0.167,0.167,0.167,0.167,0.182,0.400,0.400,0.400,0.400
1086,12951640.053,2,2,379,0,0,0,0,0,0.090,379,376,0.061,0.364,0.200,0.200,0.200,0.200,0.200,0.364,0.364,0.364,0.364,0.200,0.200,0.200,0.200,0.200,0.364,0.364,0.364
1087,12951640.126,2,2,364,0,0,0,0,0,0.077,364,379,0.061,0.571,0.500,0.364,0.364,0.364,0.364,0.364,0.364,0.364,0.571,0.500,0.364,0.364,0.364,0.364,0.364,0.364,0.364
1088,12951640.201,2,2,371,0,0,0,0,0,0.086,371,364,0.076,0.500,0.500,0.500,0.364,0.364,0.364,0.364,0.364,0.364,0.333,0.333,0.333,0.182,0.182,0.182,0.182,0.182,0.182
1089,12951640.272,7,2,380,0,0,0,0,0,0.092,380,371,0.098,0.200,0.200,0.200,0.200,0.200,0.364,0.364,0.364,0.364,0.000,0.000,0.000,0.000,0.000,0.000,0.000,0.000,0.000
1090,12951640.347,2,8,371,0,0,0,0,0,0.100,371,380,0.020,0.500,0.500,0.364,0.400,0.400,0.400,0.400,0.400,0.400,0.333,0.333,0.182,0.200,0.200,0.200,0.400,0.400,0.400
1091,12951640.422,2,10,365,0,0,0,0,0,0.096,365,371,0.074,0.222,0.222,0.222,0.222,0.222,0.222,0.222,0.222,0.222,0.000,0.000,0.000,0.000,0.000,0.000,0.000,0.000,0.222
1092,12951640.495,2,2,344,0,0,0,0,0,0.064,344,365,0.021,0.400,0.400,0.222,0.222,0.400,0.400,0.400,0.400,0.222,0.400,0.400,0.222,0.222,0.400,0.400,0.400,0.400,0.222
1093,12951640.568,2,2,363,0,0,0,0,0,0.091,363,344,0.062,0.000,0.000,0.000,0.000,0.000,0.000,0.000,0.000,0.000,0.000,0.000,0.000,0.000,0.000,0.000,0.000,0.000,0.000
1094,12951640.643,2,2,350,0,0,0,0,0,0.086,350,363,0.049,0.400,0.400,0.400,0.400,0.400,0.400,0.400,0.400,0.400,0.200,0.200,0.200,0.200,0.200,0.200,0.200,0.200,0.200
1095,12951640.717,2,2,351,0,0,0,0,0,0.091,351,350,0.151,0.364,0.364,0.364,0.364,0.364,0.364,0.364,0.364,0.364,0.182,0.182,0.182,0.182,0.182,0.182,0.182,0.182,0.182
1096,12951640.790,2,2,379,0,0,0,0,0,0.100,379,351,0.060,0.400,0.400,0.400,0.400,0.400,0.400,0.400,0.400,0.400,0.200,0.200,0.200,0.200,0.200,0.200,0.200,0.200,0.200
1097,12951640.935,5,5,365,0,0,0,0,0,0.077,365,379,0.082,0.182,0.182,0.182,0.200,0.200,0.200,0.200,0.200,0.200,0.182,0.182,0.182,0.200,0.200,0.200,0.200,0.200,0.200
1098,12951641.009,4,4,355,0,0,0,0,0,0.076,355,365,0.128,0.364,0.364,0.400,0.400,0.400,0.400,0.400,0.400,0.400,0.182,0.182,0.200,0.200,0.200,0.200,0.200,0.200,0.200
1099,12951641.083,2,2,356,0,0,0,0,0,0.081,356,355,0.056,0.615,0.615,0.500,0.500,0.500,0.500,0.500,0.500,0.500,0.462,0.462,0.333,0.333,0.333,0.333,0.333,0.333,0.333
1100,12951641.155,2,2,371,0,0,0,0,0,0.067,371,356,0.046,0.400,0.400,0.400,0.400,0.222,0.222,0.222,0.222,0.400,0.400,0.400,0.400,0.400,0.222,0.222,0.222,0.222,0.200
1101,12951641.227,2,2,385,0,0,0,0,0,0.094,385,371,0.066,0.364,0.364,0.364,0.364,0.200,0.200,0.200,0.200,0.200,0.182,0.182,0.182,0.182,0.000,0.000,0.000,0.000,0.000
1102,12951641.303,2,2,364,0,0,0,0,0,0.088,364,385,0.032,0.364,0.364,0.364,0.364,0.364,0.364,0.364,0.364,0.364,0.182,0.182,0.182,0.182,0.182,0.182,0.182,0.182,0.182
1103,12951641.377,2,2,363,0,0,0,0,0,0.094,363,364,0.022,0.667,0.667,0.571,0.571,0.500,0.500,0.500,0.500,0.364,0.533,0.533,0.429,0.429,0.333,0.333,0.333,0.333,0.182
1104,12951641.449,2,2,360,0,0,0,0,0,0.067,360,363,0.018,0.400,0.400,0.400,0.400,0.400,0.400,0.400,0.400,0.400,0.200,0.200,0.200,0.200,0.200,0.200,0.200,0.200,0.200
1105,12951641.521,4,4,356,0,0,0,0,0,0.093,356,360,0.072,0.714,0.714,0.769,0.545,0.545,0.545,0.400,0.400,0.400,0.571,0.571,0.615,0.364,0.364,0.364,0.200,0.200,0.200
1106,12951641.594,2,2,383,0,0,0,0,0,0.086,383,356,0.005,0.769,0.769,0.769,0.769,0.545,0.545,0.400,0.400,0.400,0.615,0.615,0.615,0.615,0.364,0.364,0.400,0.400,0.400
1107,12951641.668,2,2,376,0,0,0,0,0,0.080,376,383,0.017,0.400,0.400,0.400,0.400,0.400,0.364,0.222,0.222,0.222,0.400,0.400,0.400,0.400,0.400,0.364,0.222,0.222,0.222
1108,12951641.743,8,8,383,0,0,0,0,0,0.097,383,376,0.049,0.200,0.200,0.200,0.200,0.200,0.200,0.222,0.222,0.222,0.200,0.200,0.200,0.200,0.200,0.200,0.222,0.222,0.222
1109,12951641.816,4,4,376,0,0,0,0,0,0.088,376,383,0.015,0.167,0.167,0.200,0.200,0.200,0.200,0.200,0.200,0.200,0.167,0.167,0.200,0.200,0.200,0.200,0.200,0.200,0.200
1110,12951641.890,7,2,379,0,0,0,0,0,0.066,379,376,0.003,0.333,0.333,0.182,0.182,0.200,0.400,0.400,0.400,0.400,0.333,0.333,0.182,0.182,0.200,0.200,0.200,0.200,0.200
1111,12951641.965,10,10,393,0,0,0,0,0,0.097,393,379,0.011,0.333,0.333,0.182,0.182,0.182,0.182,0.182,0.182,0.364,0.333,0.333,0.182,0.182,0.182,0.182,0.182,0.182,0.364
1112,12951642.038,3,3,390,0,0,0,0,0,0.085,390,393,0.020,0.429,0.500,0.364,0.364,0.364,0.364,0.364,0.364,0.364,0.286,0.333,0.182,0.182,0.182,0.182,0.182,0.182,0.182
1113,12951642.111,5,5,381,0,0,0,0,0,0.108,381,390,0.002,0.462,0.462,0.500,0.545,0.545,0.545,0.545,0.545,0.545,0.308,0.308,0.333,0.364,0.364,0.364,0.364,0.364,0.364
1114,12951642.185,5,5,377,0,0,0,0,0,0.090,377,381,0.011,0.429,0.429,0.429,0.500,0.500,0.364,0.364,0.364,0.364,0.429,0.429,0.429,0.500,0.500,0.364,0.364,0.364,0.364
1115,12951642.258,7,7,403,0,0,0,0,0,0.097,403,377,0.004,0.533,0.533,0.533,0.533,0.571,0.615,0.500,0.500,0.500,0.400,0.400,0.400,0.400,0.429,0.615,0.500,0.500,0.500
1116,12951642.331,2,5,391,0,0,0,0,0,0.100,391,403,0.001,0.533,0.533,0.429,0.429,0.429,0.333,0.333,0.364,0.364,0.400,0.400,0.286,0.429,0.429,0.333,0.333,0.364,0.364
1117,12951642.405,2,2,399,0,0,0,0,0,0.113,399,391,0.024,0.429,0.429,0.429,0.286,0.267,0.400,0.400,0.429,0.429,0.429,0.429,0.429,0.286,0.267,0.267,0.267,0.286,0.286
1118,12951642.480,7,4,399,0,0,0,0,0,0.105,399,399,0.002,0.462,0.462,0.571,0.571,0.462,0.615,0.615,0.500,0.500,0.462,0.462,0.571,0.571,0.462,0.462,0.462,0.333,0.333
1119,12951642.554,7,3,390,0,0,0,0,0,0.110,390,399,0.006,0.167,0.182,0.182,0.182,0.182,0.364,0.364,0.364,0.364,0.167,0.182,0.182,0.182,0.182,0.182,0.182,0.182,0.182
1120,12951642.628,3,3,396,0,0,0,0,0,0.101,396,390,0.006,0.500,0.533,0.533,0.429,0.462,0.462,0.500,0.500,0.500,0.375,0.400,0.400,0.286,0.308,0.308,0.333,0.333,0.333
1121,12951642.700,2,2,407,0,0,0,0,0,0.123,407,396,0.009,0.500,0.500,0.429,0.429,0.308,0.429,0.429,0.462,0.462,0.500,0.500,0.429,0.429,0.308,0.286,0.286,0.308,0.308
1122,12951642.771,5,6,409,0,0,0,0,0,0.132,409,407,0.009,0.500,0.500,0.533,0.571,0.462,0.429,0.400,0.400,0.462,0.375,0.375,0.267,0.429,0.462,0.429,0.400,0.400,0.462
1123,12951642.847,2,2,399,0,0,0,0,0,0.113,399,409,0.009,0.667,0.667,0.571,0.571,0.462,0.333,0.333,0.333,0.462,0.667,0.667,0.571,0.429,0.462,0.333,0.333,0.333,0.462
1124,12951642.921,6,6,402,0,0,0,0,0,0.117,402,399,0.037,0.400,0.429,0.429,0.429,0.462,0.333,0.333,0.462,0.333,0.400,0.429,0.429,0.429,0.462,0.333,0.333,0.462,0.333
1125,12951642.992,3,3,387,0,0,0,0,0,0.114,387,402,0.003,0.625,0.667,0.571,0.571,0.571,0.571,0.462,0.462,0.462,0.625,0.667,0.571,0.571,0.571,0.571,0.462,0.462,0.462
1126,12951643.068,6,6,392,0,0,0,0,0,0.117,392,387,0.062,0.667,0.667,0.667,0.667,0.714,0.714,0.667,0.462,0.500,0.667,0.667,0.667,0.667,0.714,0.714,0.667,0.462,0.333
1127,12951643.142,3,8,406,0,0,0,0,0,0.113,406,392,0.020,0.667,0.714,0.714,0.714,0.571,0.571,0.714,0.615,0.500,0.400,0.429,0.429,0.429,0.429,0.429,0.571,0.462,0.333
1128,12951643.216,2,5,412,0,0,0,0,1,0.116,413,406,0.027,0.533,0.533,0.533,0.533,0.429,0.429,0.462,0.333,0.182,0.400,0.400,0.400,0.533,0.429,0.429,0.462,0.333,0.182
1129,12951643.289,2,2,404,0,0,0,0,0,0.114,404,413,0.039,0.533,0.533,0.533,0.533,0.533,0.462,0.462,0.333,0.333,0.533,0.533,0.533,0.533,0.533,0.462,0.462,0.333,0.333
1130,12951643.360,5,5,428,0,0,0,0,0,0.126,428,404,0.038,0.471,0.471,0.500,0.533,0.533,0.429,0.267,0.286,0.308,0.471,0.471,0.500,0.533,0.533,0.429,0.267,0.286,0.308
1131,12951643.434,2,2,409,0,0,0,0,0,0.144,409,428,0.037,0.706,0.706,0.706,0.625,0.533,0.533,0.462,0.462,0.364,0.588,0.588,0.588,0.500,0.533,0.533,0.462,0.308,0.364
1132,12951643.509,4,4,441,0,0,0,0,0,0.222,441,409,0.040,0.476,0.476,0.526,0.526,0.400,0.429,0.375,0.286,0.286,0.476,0.476,0.526,0.526,0.400,0.429,0.375,0.286,0.286
1133,12951643.581,2,2,450,0,0,0,0,0,0.187,450,441,0.036,0.609,0.609,0.600,0.556,0.375,0.375,0.429,0.462,0.333,0.522,0.522,0.500,0.444,0.250,0.250,0.429,0.462,0.333
1134,12951643.654,4,4,405,0,0,0,0,0,0.151,405,450,0.049,0.421,0.421,0.471,0.471,0.471,0.308,0.333,0.333,0.333,0.421,0.421,0.471,0.471,0.471,0.308,0.333,0.333,0.333
1135,12951643.727,2,2,414,0,0,0,0,0,0.145,414,405,0.046,0.526,0.444,0.444,0.500,0.400,0.400,0.429,0.308,0.308,0.526,0.444,0.444,0.500,0.400,0.400,0.429,0.308,0.308
1136,12951643.801,9,7,424,0,0,0,0,0,0.156,424,414,0.060,0.381,0.400,0.421,0.353,0.400,0.429,0.429,0.533,0.308,0.381,0.400,0.421,0.353,0.400,0.429,0.429,0.400,0.308
1137,12951643.873,2,2,409,0,0,0,0,0,0.154,409,424,0.055,0.636,0.636,0.556,0.500,0.500,0.533,0.533,0.429,0.429,0.636,0.636,0.556,0.500,0.500,0.533,0.533,0.429,0.429
1138,12951643.947,7,7,426,0,0,0,0,0,0.160,426,409,0.051,0.500,0.500,0.500,0.500,0.533,0.571,0.571,0.571,0.462,0.500,0.500,0.500,0.500,0.533,0.571,0.571,0.571,0.462
1139,12951644.021,6,6,409,0,0,0,0,0,0.139,409,426,0.055,0.526,0.526,0.526,0.526,0.588,0.533,0.533,0.462,0.462,0.526,0.526,0.526,0.526,0.588,0.533,0.533,0.462,0.462
1140,12951644.095,7,7,412,0,0,0,0,0,0.129,412,409,0.083,0.421,0.421,0.444,0.444,0.471,0.500,0.429,0.429,0.333,0.421,0.421,0.444,0.444,0.471,0.500,0.429,0.429,0.333
1141,12951644.168,2,2,390,0,0,0,0,0,0.131,390,412,0.114,0.632,0.632,0.588,0.588,0.533,0.533,0.533,0.533,0.615,0.632,0.632,0.588,0.588,0.533,0.533,0.533,0.533,0.615
1142,12951644.241,5,5,386,0,0,0,0,1,0.129,387,390,0.063,0.625,0.625,0.625,0.667,0.571,0.571,0.571,0.571,0.615,0.625,0.625,0.625,0.667,0.571,0.571,0.571,0.571,0.615
1143,12951644.316,6,6,388,0,0,0,0,0,0.108,388,387,0.075,0.444,0.444,0.471,0.500,0.533,0.533,0.533,0.533,0.308,0.444,0.444,0.471,0.500,0.533,0.533,0.533,0.533,0.308
1144,12951644.391,3,3,391,0,0,0,0,0,0.128,391,388,0.076,0.526,0.556,0.500,0.400,0.400,0.400,0.429,0.429,0.308,0.421,0.444,0.375,0.267,0.267,0.267,0.286,0.286,0.154
1145,12951644.462,5,5,418,0,0,0,0,0,0.132,418,391,0.074,0.526,0.526,0.526,0.556,0.556,0.533,0.533,0.429,0.429,0.421,0.421,0.421,0.444,0.444,0.400,0.400,0.286,0.286
1146,12951644.534,2,2,410,0,0,0,0,1,0.129,411,418,0.120,0.667,0.667,0.667,0.588,0.533,0.533,0.571,0.571,0.571,0.667,0.667,0.667,0.588,0.533,0.533,0.571,0.571,0.571
1147,12951644.610,4,4,413,0,0,0,0,0,0.133,413,411,0.073,0.700,0.700,0.737,0.706,0.571,0.571,0.571,0.571,0.571,0.700,0.700,0.737,0.706,0.571,0.571,0.571,0.571,0.571
1148,12951644.683,2,2,411,0,0,0,0,0,0.119,411,413,0.087,0.667,0.667,0.588,0.500,0.533,0.533,0.533,0.429,0.462,0.667,0.667,0.588,0.500,0.533,0.533,0.533,0.429,0.462
1149,12951644.756,8,2,397,0,0,0,0,0,0.118,397,411,0.108,0.429,0.429,0.429,0.308,0.429,0.429,0.533,0.462,0.462,0.429,0.429,0.429,0.308,0.286,0.429,0.400,0.308,0.308
1150,12951644.828,2,2,422,0,0,0,0,0,0.137,422,397,0.103,0.588,0.588,0.429,0.462,0.571,0.429,0.533,0.429,0.462,0.588,0.588,0.429,0.462,0.571,0.429,0.533,0.429,0.462
1151,12951644.902,4,4,387,0,0,0,0,0,0.134,387,422,0.117,0.526,0.556,0.625,0.533,0.462,0.462,0.462,0.462,0.462,0.526,0.556,0.625,0.533,0.462,0.462,0.462,0.462,0.462
1152,12951644.976,2,2,391,0,0,0,0,2,0.132,393,387,0.103,0.632,0.632,0.556,0.500,0.429,0.429,0.429,0.462,0.462,0.632,0.632,0.556,0.500,0.429,0.429,0.429,0.462,0.462
1153,12951645.051,2,2,377,0,0,0,0,0,0.149,377,393,0.141,0.588,0.588,0.588,0.588,0.500,0.533,0.533,0.429,0.333,0.471,0.471,0.471,0.471,0.375,0.400,0.400,0.429,0.333
1154,12951645.122,3,3,390,0,0,0,0,0,0.128,390,377,0.146,0.667,0.706,0.533,0.533,0.533,0.533,0.571,0.615,0.500,0.667,0.706,0.533,0.533,0.533,0.533,0.429,0.462,0.500
1155,12951645.268,2,2,389,0,0,0,0,0,0.139,389,390,0.135,0.750,0.667,0.667,0.667,0.667,0.571,0.571,0.571,0.462,0.750,0.667,0.667,0.667,0.667,0.571,0.571,0.571,0.462
1156,12951645.341,3,3,383,0,0,0,0,0,0.141,383,389,0.183,0.706,0.750,0.667,0.615,0.615,0.615,0.571,0.500,0.500,0.706,0.750,0.667,0.615,0.615,0.615,0.571,0.500,0.500
1157,12951645.414,4,4,403,0,0,0,0,0,0.132,403,383,0.070,0.588,0.588,0.625,0.533,0.571,0.533,0.533,0.429,0.462,0.588,0.588,0.625,0.533,0.571,0.533,0.533,0.429,0.462
1158,12951645.486,2,2,377,0,0,0,0,0,0.122,377,403,0.036,0.625,0.533,0.533,0.533,0.571,0.333,0.333,0.364,0.500,0.625,0.533,0.533,0.533,0.571,0.333,0.333,0.364,0.333
1159,12951645.560,2,2,378,0,0,0,0,0,0.146,378,377,0.121,0.625,0.625,0.625,0.533,0.533,0.429,0.429,0.462,0.308,0.500,0.500,0.500,0.400,0.400,0.286,0.286,0.308,0.308
1160,12951645.633,2,2,392,0,0,0,0,0,0.128,392,378,0.076,0.571,0.571,0.571,0.571,0.462,0.462,0.462,0.462,0.500,0.571,0.571,0.571,0.571,0.462,0.462,0.462,0.462,0.500
1161,12951645.707,2,2,393,0,0,0,0,0,0.137,393,392,0.149,0.667,0.667,0.667,0.667,0.571,0.429,0.500,0.500,0.462,0.667,0.667,0.667,0.667,0.571,0.429,0.500,0.500,0.462
1162,12951645.779,2,4,387,0,0,0,0,0,0.114,387,393,0.123,0.706,0.625,0.625,0.533,0.571,0.571,0.615,0.615,0.500,0.588,0.500,0.625,0.533,0.571,0.571,0.615,0.615,0.500
1163,12951645.853,2,2,398,0,0,0,0,0,0.113,398,387,0.162,0.667,0.667,0.667,0.571,0.571,0.571,0.500,0.364,0.364,0.667,0.667,0.667,0.571,0.571,0.571,0.500,0.364,0.364
1164,12951645.927,4,4,410,0,0,0,0,0,0.137,410,398,0.168,0.706,0.706,0.750,0.750,0.533,0.571,0.571,0.462,0.462,0.471,0.471,0.500,0.500,0.400,0.429,0.429,0.308,0.308
1165,12951646.000,6,6,398,0,0,0,0,1,0.140,399,410,0.206,0.750,0.750,0.750,0.750,0.800,0.800,0.615,0.615,0.615,0.625,0.625,0.625,0.625,0.667,0.667,0.462,0.462,0.462
1166,12951646.073,2,2,401,0,0,0,0,0,0.117,401,399,0.201,0.800,0.800,0.800,0.714,0.714,0.714,0.714,0.571,0.615,0.667,0.667,0.667,0.571,0.571,0.571,0.571,0.571,0.615
1167,12951646.148,2,2,405,0,0,0,0,0,0.128,405,401,0.017,0.667,0.667,0.571,0.571,0.462,0.462,0.462,0.462,0.333,0.533,0.533,0.429,0.429,0.308,0.308,0.308,0.308,0.167
1168,12951646.222,2,4,397,0,0,0,0,0,0.126,397,405,0.225,0.706,0.667,0.667,0.667,0.667,0.667,0.571,0.571,0.571,0.588,0.533,0.667,0.667,0.667,0.667,0.571,0.571,0.571
1169,12951646.295,4,4,400,0,0,0,0,0,0.122,400,397,0.287,0.800,0.800,0.857,0.769,0.769,0.769,0.769,0.667,0.545,0.667,0.667,0.714,0.615,0.615,0.615,0.615,0.500,0.364
1170,12951646.368,2,2,408,0,0,0,0,0,0.110,408,400,0.043,0.857,0.857,0.769,0.769,0.769,0.769,0.769,0.769,0.667,0.714,0.714,0.615,0.615,0.615,0.615,0.615,0.615,0.500
1171,12951646.439,3,3,404,0,0,0,0,0,0.106,404,408,0.203,0.714,0.769,0.769,0.667,0.667,0.667,0.667,0.667,0.667,0.571,0.615,0.615,0.500,0.500,0.500,0.500,0.500,0.500
1172,12951646.513,2,2,387,0,0,0,0,0,0.109,387,404,0.220,0.857,0.857,0.857,0.857,0.667,0.545,0.545,0.545,0.545,0.714,0.714,0.714,0.714,0.500,0.364,0.364,0.364,0.364
1173,12951646.587,5,2,388,0,0,0,0,0,0.106,388,387,0.194,0.714,0.714,0.714,0.769,0.667,0.667,0.667,0.667,0.667,0.571,0.571,0.571,0.462,0.500,0.500,0.500,0.500,0.500
1174,12951646.659,3,3,396,0,0,0,0,0,0.106,396,388,0.055,0.632,0.667,0.625,0.625,0.571,0.615,0.500,0.500,0.500,0.526,0.556,0.500,0.500,0.429,0.462,0.333,0.333,0.333
1175,12951646.732,6,6,397,0,0,0,0,0,0.123,397,396,0.133,0.444,0.500,0.533,0.533,0.571,0.571,0.462,0.333,0.364,0.444,0.500,0.533,0.533,0.571,0.571,0.462,0.333,0.364
1176,12951646.808,2,2,399,0,0,0,0,0,0.105,399,397,0.155,0.471,0.471,0.375,0.462,0.462,0.462,0.462,0.462,0.182,0.471,0.471,0.375,0.462,0.462,0.462,0.462,0.462,0.182
1177,12951646.881,2,2,391,0,0,0,0,0,0.100,391,399,0.143,0.533,0.533,0.429,0.462,0.462,0.462,0.462,0.182,0.182,0.533,0.533,0.429,0.462,0.462,0.462,0.462,0.182,0.182
1178,12951646.953,2,2,402,0,0,0,0,0,0.117,402,391,0.018,0.588,0.588,0.533,0.462,0.462,0.462,0.462,0.462,0.462,0.588,0.588,0.533,0.462,0.462,0.462,0.462,0.462,0.462
1179,12951647.025,2,2,389,0,0,0,0,0,0.141,389,402,0.100,0.545,0.476,0.500,0.526,0.500,0.500,0.500,0.500,0.400,0.545,0.476,0.400,0.421,0.500,0.500,0.500,0.500,0.400
1180,12951647.099,2,2,397,0,0,0,0,0,0.113,397,389,0.086,0.556,0.556,0.556,0.471,0.400,0.400,0.400,0.400,0.154,0.556,0.556,0.556,0.471,0.400,0.400,0.400,0.267,0.154
1181,12951647.173,9,9,442,0,0,0,0,1,0.194,443,397,0.018,0.308,0.444,0.500,0.400,0.429,0.429,0.429,0.533,0.533,0.308,0.444,0.500,0.400,0.429,0.429,0.429,0.533,0.533
1182,12951647.247,4,4,416,0,0,0,0,3,0.119,419,443,0.074,0.471,0.500,0.533,0.429,0.429,0.429,0.429,0.533,0.429,0.471,0.500,0.533,0.429,0.429,0.429,0.429,0.533,0.429
1183,12951647.319,3,3,416,0,0,0,0,1,0.134,417,419,0.113,0.600,0.632,0.588,0.500,0.500,0.500,0.429,0.429,0.333,0.600,0.632,0.588,0.500,0.500,0.500,0.429,0.429,0.333
1184,12951647.393,4,4,416,0,0,0,0,0,0.120,416,417,0.100,0.667,0.667,0.714,0.714,0.714,0.615,0.667,0.545,0.364,0.533,0.533,0.571,0.571,0.571,0.462,0.500,0.364,0.364
1185,12951647.468,4,4,406,0,0,0,0,0,0.116,406,416,0.008,0.571,0.600,0.667,0.588,0.556,0.588,0.400,0.308,0.308,0.571,0.600,0.667,0.588,0.556,0.588,0.400,0.308,0.308
1186,12951647.540,6,4,393,0,0,0,0,1,0.127,394,406,0.218,0.667,0.667,0.700,0.667,0.706,0.533,0.571,0.500,0.364,0.667,0.667,0.700,0.667,0.588,0.533,0.571,0.500,0.364
1187,12951647.613,2,2,403,0,0,0,0,1,0.134,404,394,0.229,0.762,0.700,0.632,0.706,0.706,0.533,0.571,0.571,0.308,0.762,0.700,0.632,0.706,0.706,0.533,0.571,0.571,0.308
1188,12951647.688,2,2,394,0,0,0,0,0,0.107,394,404,0.169,0.444,0.444,0.353,0.353,0.286,0.333,0.333,0.167,0.182,0.444,0.444,0.353,0.353,0.286,0.167,0.167,0.167,0.182
1189,12951647.762,4,4,403,0,0,0,0,0,0.129,403,394,0.242,0.545,0.600,0.667,0.625,0.500,0.500,0.500,0.200,0.200,0.545,0.600,0.667,0.625,0.500,0.500,0.500,0.200,0.200
1190,12951647.835,5,5,395,0,0,0,0,1,0.111,396,403,0.158,0.625,0.625,0.625,0.667,0.615,0.615,0.500,0.500,0.364,0.625,0.625,0.625,0.667,0.615,0.615,0.500,0.500,0.364
1191,12951647.908,2,2,407,0,0,0,0,0,0.123,407,396,0.126,0.571,0.462,0.462,0.462,0.462,0.462,0.462,0.462,0.333,0.571,0.462,0.462,0.462,0.462,0.462,0.462,0.462,0.333
1192,12951647.983,6,6,385,0,0,0,0,0,0.104,385,407,0.132,0.625,0.667,0.667,0.667,0.714,0.714,0.714,0.615,0.500,0.500,0.533,0.533,0.533,0.571,0.571,0.571,0.462,0.333
1193,12951648.056,2,2,389,0,0,0,0,0,0.111,389,385,0.090,0.750,0.750,0.667,0.667,0.571,0.615,0.615,0.615,0.333,0.625,0.625,0.533,0.533,0.429,0.462,0.462,0.462,0.333
1194,12951648.129,7,7,400,0,0,0,0,0,0.120,400,389,0.189,0.625,0.625,0.533,0.462,0.571,0.667,0.667,0.571,0.462,0.625,0.625,0.533,0.462,0.571,0.667,0.667,0.571,0.462
1195,12951648.201,7,7,393,0,0,0,0,0,0.120,393,400,0.222,0.588,0.588,0.625,0.625,0.625,0.667,0.571,0.571,0.333,0.588,0.588,0.625,0.625,0.625,0.667,0.571,0.571,0.333
1196,12951648.274,2,2,402,0,0,0,0,0,0.137,402,393,0.188,0.667,0.667,0.588,0.533,0.571,0.571,0.462,0.462,0.462,0.667,0.667,0.588,0.533,0.571,0.571,0.462,0.462,0.462
1197,12951648.349,2,2,393,0,0,0,0,1,0.107,394,402,0.516,0.667,0.667,0.667,0.667,0.571,0.462,0.333,0.333,0.182,0.667,0.667,0.667,0.667,0.571,0.462,0.333,0.333,0.182
1198,12951648.423,3,3,409,0,0,0,0,0,0.154,409,394,0.156,0.667,0.706,0.706,0.615,0.615,0.615,0.615,0.615,0.615,0.556,0.588,0.588,0.462,0.462,0.462,0.462,0.462,0.462
1199,12951648.494,2,2,410,0,0,0,0,0,0.127,410,409,0.177,0.588,0.500,0.500,0.533,0.533,0.571,0.571,0.571,0.571,0.471,0.375,0.375,0.400,0.400,0.429,0.429,0.429,0.429
1200,12951648.570,2,2,412,0,0,0,0,0,0.136,412,410,0.148,0.667,0.667,0.588,0.533,0.571,0.571,0.571,0.571,0.333,0.556,0.556,0.471,0.400,0.429,0.429,0.429,0.429,0.167
1201,12951648.645,6,6,408,0,0,0,0,0,0.110,408,412,0.242,0.588,0.588,0.625,0.625,0.667,0.667,0.571,0.571,0.462,0.471,0.471,0.500,0.500,0.533,0.533,0.429,0.429,0.308
1202,12951648.719,3,3,411,0,0,0,0,0,0.129,411,408,0.241,0.800,0.857,0.769,0.769,0.769,0.500,0.545,0.545,0.500,0.800,0.857,0.769,0.769,0.769,0.500,0.545,0.545,0.500
1203,12951648.792,6,6,405,0,0,0,0,0,0.138,405,411,0.262,0.571,0.571,0.571,0.588,0.625,0.533,0.571,0.333,0.333,0.571,0.571,0.571,0.588,0.625,0.533,0.571,0.333,0.333
1204,12951648.863,2,2,402,0,0,0,0,0,0.127,402,405,0.326,0.750,0.750,0.667,0.667,0.667,0.615,0.615,0.615,0.615,0.750,0.750,0.667,0.667,0.667,0.615,0.615,0.615,0.615
1205,12951648.938,4,4,391,0,0,0,0,2,0.148,393,402,0.278,0.750,0.800,0.857,0.769,0.769,0.769,0.769,0.769,0.667,0.750,0.800,0.857,0.769,0.769,0.769,0.769,0.769,0.667
1206,12951649.013,7,7,401,0,0,0,0,0,0.140,401,393,0.341,0.625,0.625,0.625,0.625,0.667,0.769,0.769,0.769,0.769,0.625,0.625,0.625,0.625,0.667,0.769,0.769,0.769,0.769
1207,12951649.085,8,8,396,0,0,0,0,0,0.159,396,401,0.299,0.667,0.667,0.667,0.667,0.625,0.625,0.714,0.615,0.615,0.667,0.667,0.667,0.667,0.625,0.625,0.714,0.615,0.615
1208,12951649.157,5,5,408,0,0,0,0,0,0.150,408,396,0.379,0.625,0.625,0.667,0.714,0.667,0.667,0.667,0.667,0.545,0.625,0.625,0.667,0.714,0.667,0.667,0.667,0.667,0.545
1209,12951649.231,2,6,407,0,0,0,0,1,0.147,408,408,0.279,0.800,0.800,0.714,0.615,0.769,0.769,0.769,0.545,0.545,0.667,0.667,0.571,0.615,0.769,0.769,0.769,0.545,0.545
1210,12951649.305,9,9,404,0,0,0,0,0,0.156,404,408,0.400,0.667,0.706,0.706,0.706,0.667,0.667,0.667,0.833,0.600,0.667,0.706,0.706,0.706,0.667,0.667,0.667,0.833,0.600
1211,12951649.378,6,6,390,0,0,0,0,0,0.133,390,404,0.349,0.667,0.667,0.667,0.667,0.714,0.615,0.545,0.400,0.400,0.533,0.533,0.533,0.533,0.571,0.462,0.364,0.200,0.200
1212,12951649.452,5,5,385,0,0,0,0,0,0.161,385,390,0.470,0.600,0.632,0.667,0.714,0.615,0.615,0.364,0.364,0.364,0.600,0.632,0.667,0.714,0.615,0.615,0.364,0.364,0.364
1213,12951649.526,6,6,399,0,0,0,0,3,0.139,402,385,0.294,0.500,0.533,0.533,0.615,0.667,0.667,0.545,0.400,0.400,0.375,0.400,0.400,0.462,0.500,0.500,0.364,0.400,0.400
1214,12951649.599,7,4,398,0,0,0,0,1,0.130,399,402,0.271,0.571,0.571,0.600,0.471,0.533,0.615,0.500,0.364,0.364,0.476,0.476,0.500,0.353,0.400,0.462,0.333,0.182,0.182
1215,12951649.673,2,2,393,0,0,0,0,1,0.140,394,399,0.203,0.526,0.526,0.526,0.526,0.471,0.333,0.364,0.364,0.364,0.526,0.526,0.526,0.526,0.471,0.333,0.364,0.364,0.364
1216,12951649.745,2,3,395,0,0,0,0,2,0.151,397,394,0.473,0.588,0.500,0.500,0.400,0.462,0.364,0.364,0.364,0.400,0.471,0.500,0.500,0.400,0.462,0.364,0.364,0.364,0.400
1217,12951649.817,2,2,393,0,0,0,0,0,0.135,393,397,0.317,0.778,0.706,0.533,0.400,0.429,0.429,0.429,0.462,0.333,0.778,0.706,0.533,0.400,0.429,0.429,0.429,0.462,0.333
1218,12951649.891,3,3,390,0,0,0,0,0,0.133,390,393,0.254,0.571,0.600,0.600,0.471,0.400,0.429,0.462,0.500,0.500,0.571,0.600,0.600,0.471,0.400,0.429,0.462,0.500,0.500
1219,12951650.036,4,4,414,0,0,0,0,0,0.147,414,390,0.201,0.625,0.625,0.667,0.571,0.571,0.462,0.462,0.462,0.462,0.500,0.500,0.533,0.429,0.429,0.308,0.308,0.308,0.308
1220,12951650.111,6,4,393,0,0,0,0,0,0.140,393,414,0.233,0.444,0.444,0.471,0.400,0.533,0.533,0.429,0.308,0.167,0.444,0.444,0.471,0.400,0.400,0.400,0.286,0.308,0.167
1221,12951650.185,6,6,396,0,0,0,0,1,0.123,397,393,0.350,0.500,0.500,0.500,0.500,0.571,0.571,0.462,0.462,0.308,0.500,0.500,0.500,0.500,0.571,0.571,0.462,0.462,0.308
1222,12951650.259,2,2,392,0,0,0,0,1,0.137,393,397,0.404,0.556,0.556,0.500,0.533,0.533,0.533,0.462,0.364,0.364,0.556,0.556,0.500,0.533,0.533,0.533,0.462,0.364,0.364
1223,12951650.331,2,2,413,0,0,0,0,0,0.133,413,393,0.431,0.667,0.667,0.588,0.500,0.533,0.533,0.462,0.364,0.333,0.667,0.667,0.471,0.500,0.533,0.533,0.462,0.364,0.333
1224,12951650.402,2,2,411,0,0,0,0,0,0.156,411,413,0.542,0.778,0.778,0.778,0.667,0.667,0.462,0.462,0.500,0.500,0.778,0.778,0.778,0.667,0.667,0.462,0.462,0.333,0.333
1225,12951650.477,4,4,409,0,0,0,0,1,0.139,410,411,0.483,0.588,0.588,0.667,0.615,0.615,0.500,0.545,0.545,0.400,0.588,0.588,0.667,0.615,0.615,0.500,0.545,0.545,0.400
1226,12951650.550,5,5,429,0,0,0,0,0,0.156,429,410,0.462,0.667,0.700,0.700,0.737,0.500,0.500,0.500,0.462,0.462,0.667,0.700,0.700,0.737,0.500,0.500,0.500,0.462,0.462
1227,12951650.623,4,4,400,0,0,0,0,1,0.132,401,429,0.345,0.588,0.625,0.714,0.714,0.714,0.714,0.714,0.714,0.500,0.588,0.625,0.714,0.714,0.714,0.714,0.714,0.714,0.500
1228,12951650.694,4,4,397,0,0,0,0,1,0.121,398,401,0.454,0.737,0.737,0.750,0.714,0.714,0.615,0.615,0.500,0.500,0.737,0.737,0.750,0.714,0.714,0.615,0.615,0.500,0.500
1229,12951650.769,5,5,398,0,0,0,0,0,0.113,398,398,0.155,0.588,0.588,0.667,0.714,0.500,0.545,0.400,0.400,0.400,0.588,0.588,0.667,0.714,0.500,0.545,0.400,0.400,0.400
1230,12951650.842,4,4,400,0,0,0,0,1,0.140,401,398,0.493,0.632,0.667,0.750,0.667,0.462,0.462,0.500,0.500,0.500,0.632,0.667,0.750,0.667,0.462,0.462,0.500,0.500,0.500
1231,12951650.915,4,4,398,0,0,0,0,0,0.146,398,401,0.467,0.667,0.667,0.750,0.714,0.615,0.571,0.615,0.615,0.500,0.667,0.667,0.750,0.714,0.615,0.571,0.615,0.615,0.500
1232,12951650.988,5,5,410,0,0,0,0,0,0.127,410,398,0.305,0.667,0.667,0.706,0.714,0.615,0.500,0.500,0.500,0.500,0.667,0.667,0.706,0.714,0.615,0.500,0.500,0.500,0.500
1233,12951651.062,6,4,399,0,0,0,0,0,0.140,399,410,0.328,0.667,0.667,0.706,0.667,0.714,0.545,0.545,0.545,0.400,0.556,0.556,0.588,0.533,0.571,0.364,0.364,0.364,0.200
1234,12951651.135,4,4,401,0,0,0,0,3,0.144,404,399,0.396,0.526,0.556,0.588,0.533,0.533,0.500,0.500,0.500,0.500,0.526,0.556,0.588,0.533,0.533,0.500,0.500,0.500,0.500
1235,12951651.209,3,3,405,0,0,0,0,0,0.141,405,404,0.390,0.667,0.750,0.667,0.714,0.667,0.600,0.600,0.600,0.600,0.667,0.750,0.667,0.714,0.667,0.600,0.600,0.600,0.600
1236,12951651.281,5,5,386,0,0,0,0,1,0.114,387,405,0.377,0.667,0.667,0.667,0.714,0.714,0.667,0.545,0.545,0.545,0.667,0.667,0.667,0.714,0.714,0.667,0.545,0.545,0.545
1237,12951651.356,2,2,397,0,0,0,0,0,0.121,397,387,0.017,0.800,0.800,0.714,0.769,0.667,0.667,0.667,0.667,0.545,0.800,0.800,0.714,0.769,0.667,0.667,0.667,0.667,0.545
1238,12951651.429,6,6,401,0,0,0,0,0,0.122,401,397,0.285,0.625,0.625,0.667,0.667,0.714,0.615,0.615,0.615,0.500,0.500,0.500,0.667,0.667,0.714,0.615,0.615,0.615,0.500
1239,12951651.502,4,4,399,0,0,0,0,0,0.120,399,401,0.477,0.750,0.750,0.800,0.667,0.667,0.571,0.571,0.500,0.364,0.750,0.750,0.800,0.667,0.667,0.571,0.571,0.500,0.364
1240,12951651.574,4,4,402,0,0,0,0,0,0.132,402,399,0.455,0.556,0.556,0.667,0.571,0.462,0.364,0.364,0.364,0.364,0.556,0.556,0.667,0.571,0.462,0.364,0.364,0.364,0.364
1241,12951651.650,4,4,403,0,0,0,0,0,0.141,403,402,0.304,0.667,0.667,0.706,0.533,0.533,0.571,0.615,0.364,0.364,0.667,0.667,0.706,0.533,0.533,0.571,0.615,0.364,0.364
1242,12951651.724,7,7,409,0,0,0,0,0,0.117,409,403,0.264,0.471,0.500,0.533,0.533,0.533,0.571,0.571,0.500,0.500,0.471,0.500,0.533,0.533,0.533,0.571,0.571,0.500,0.500
1243,12951651.797,2,2,405,0,0,0,0,1,0.123,406,409,0.242,0.714,0.714,0.615,0.500,0.500,0.364,0.500,0.462,0.462,0.714,0.714,0.615,0.500,0.500,0.364,0.500,0.462,0.462
1244,12951651.870,4,4,426,0,0,0,0,0,0.120,426,406,0.261,0.800,0.800,0.857,0.833,0.833,0.727,0.600,0.600,0.600,0.800,0.800,0.857,0.833,0.833,0.727,0.600,0.600,0.600
1245,12951652.016,2,6,429,0,0,0,0,0,0.161,429,426,0.180,0.667,0.667,0.667,0.600,0.600,0.444,0.444,0.444,0.444,0.500,0.500,0.500,0.400,0.600,0.222,0.222,0.444,0.444
1246,12951652.090,6,6,378,0,0,0,0,0,0.116,378,429,0.267,0.462,0.462,0.500,0.500,0.545,0.545,0.545,0.545,0.545,0.462,0.462,0.500,0.500,0.545,0.545,0.545,0.364,0.364
1247,12951652.161,2,2,396,0,0,0,0,0,0.136,396,378,0.353,0.800,0.800,0.714,0.727,0.727,0.727,0.600,0.600,0.600,0.667,0.667,0.571,0.545,0.545,0.545,0.400,0.400,0.400
1248,12951652.234,5,5,399,0,0,0,0,1,0.122,400,396,0.323,0.571,0.571,0.571,0.615,0.615,0.615,0.615,0.615,0.615,0.429,0.429,0.429,0.462,0.462,0.462,0.462,0.462,0.462
1249,12951652.310,2,2,381,0,0,0,0,0,0.102,381,400,0.240,0.462,0.462,0.462,0.462,0.462,0.462,0.462,0.462,0.462,0.462,0.462,0.462,0.462,0.462,0.462,0.462,0.462,0.462
1250,12951652.383,4,4,391,0,0,0,0,0,0.092,391,381,0.170,0.667,0.667,0.727,0.600,0.600,0.600,0.400,0.400,0.400,0.500,0.500,0.545,0.400,0.400,0.400,0.400,0.400,0.400
1251,12951652.456,3,3,413,0,0,0,0,0,0.133,413,391,0.264,0.533,0.571,0.571,0.571,0.571,0.571,0.462,0.462,0.333,0.533,0.571,0.571,0.571,0.571,0.571,0.462,0.462,0.333
1252,12951652.528,3,3,388,0,0,0,0,0,0.121,388,413,0.139,0.533,0.571,0.571,0.571,0.462,0.462,0.333,0.182,0.182,0.533,0.571,0.571,0.571,0.462,0.462,0.333,0.182,0.182
1253,12951652.603,5,5,402,0,0,0,0,1,0.132,403,388,0.087,0.400,0.400,0.429,0.615,0.615,0.615,0.364,0.364,0.364,0.400,0.400,0.429,0.462,0.462,0.462,0.182,0.182,0.182
1254,12951652.677,2,2,416,0,0,0,0,0,0.123,416,403,0.276,0.706,0.706,0.533,0.571,0.571,0.571,0.571,0.571,0.462,0.706,0.706,0.533,0.571,0.571,0.571,0.571,0.571,0.462
1255,12951652.750,3,3,412,0,0,0,0,0,0.141,412,416,0.178,0.471,0.500,0.429,0.462,0.333,0.462,0.333,0.333,0.182,0.471,0.500,0.429,0.462,0.333,0.462,0.333,0.333,0.182
1256,12951652.822,6,6,402,0,0,0,0,1,0.124,403,412,0.191,0.571,0.571,0.571,0.571,0.615,0.500,0.500,0.364,0.182,0.429,0.429,0.429,0.429,0.462,0.333,0.333,0.182,0.182
1257,12951652.896,2,2,393,0,0,0,0,0,0.122,393,403,0.060,0.625,0.625,0.533,0.571,0.500,0.500,0.500,0.500,0.182,0.500,0.500,0.400,0.429,0.333,0.333,0.333,0.333,0.182
1258,12951652.971,2,2,379,0,0,0,0,0,0.087,379,393,0.140,0.429,0.429,0.429,0.429,0.308,0.333,0.333,0.333,0.333,0.429,0.429,0.429,0.429,0.308,0.333,0.333,0.333,0.333
1259,12951653.116,2,2,401,0,0,0,0,0,0.122,401,379,0.208,0.588,0.588,0.462,0.462,0.333,0.333,0.333,0.333,0.333,0.588,0.588,0.462,0.462,0.333,0.333,0.333,0.333,0.333
1260,12951653.189,2,2,388,0,0,0,0,0,0.113,388,401,0.105,0.714,0.714,0.714,0.500,0.500,0.500,0.500,0.500,0.182,0.571,0.571,0.571,0.333,0.333,0.333,0.333,0.333,0.182
1261,12951653.262,2,2,382,0,0,0,0,0,0.110,382,388,0.140,0.333,0.333,0.333,0.333,0.333,0.333,0.333,0.333,0.333,0.333,0.333,0.333,0.333,0.333,0.333,0.333,0.333,0.333
1262,12951653.336,2,2,383,0,0,0,0,0,0.117,383,382,0.132,0.625,0.533,0.533,0.533,0.462,0.308,0.308,0.167,0.167,0.500,0.400,0.400,0.400,0.308,0.308,0.308,0.167,0.167
1263,12951653.409,5,5,385,0,0,0,0,0,0.117,385,383,0.067,0.400,0.400,0.400,0.429,0.429,0.308,0.167,0.167,0.167,0.400,0.400,0.400,0.429,0.429,0.308,0.167,0.167,0.167
1264,12951653.481,2,2,386,0,0,0,0,0,0.111,386,385,0.101,0.533,0.533,0.533,0.308,0.308,0.308,0.308,0.167,0.167,0.533,0.533,0.533,0.308,0.308,0.308,0.308,0.167,0.167
1265,12951653.555,4,4,384,0,0,0,0,0,0.107,384,386,0.251,0.625,0.625,0.667,0.571,0.364,0.364,0.364,0.364,0.364,0.625,0.625,0.667,0.571,0.364,0.364,0.364,0.364,0.364
1266,12951653.628,3,3,380,0,0,0,0,0,0.103,380,384,0.350,0.500,0.533,0.533,0.308,0.333,0.333,0.333,0.333,0.333,0.500,0.533,0.533,0.308,0.333,0.333,0.333,0.333,0.333
1267,12951653.700,2,2,380,0,0,0,0,0,0.126,380,380,0.426,0.667,0.667,0.571,0.533,0.462,0.500,0.500,0.364,0.364,0.533,0.533,0.429,0.533,0.462,0.500,0.500,0.364,0.364
1268,12951653.773,2,2,373,0,0,0,0,1,0.096,374,380,0.108,0.462,0.462,0.462,0.462,0.462,0.308,0.333,0.364,0.200,0.462,0.462,0.462,0.462,0.462,0.308,0.333,0.364,0.200
1269,12951653.848,2,2,385,0,0,0,0,0,0.091,385,374,0.347,0.588,0.588,0.533,0.533,0.533,0.571,0.462,0.462,0.462,0.588,0.588,0.533,0.533,0.533,0.571,0.462,0.462,0.462
1270,12951653.921,8,8,393,0,0,0,0,0,0.094,393,385,0.271,0.471,0.471,0.533,0.533,0.571,0.571,0.615,0.500,0.500,0.471,0.471,0.533,0.533,0.571,0.571,0.615,0.500,0.500
1271,12951653.994,2,2,388,0,0,0,0,0,0.106,388,393,0.262,0.714,0.714,0.714,0.667,0.667,0.667,0.667,0.667,0.667,0.714,0.714,0.714,0.667,0.667,0.667,0.667,0.667,0.667
1272,12951654.067,5,5,387,0,0,0,0,0,0.106,387,388,0.336,0.556,0.556,0.588,0.625,0.533,0.500,0.500,0.500,0.429,0.444,0.444,0.471,0.500,0.400,0.500,0.500,0.500,0.429
1273,12951654.142,2,2,392,0,0,0,0,0,0.087,392,387,0.302,0.857,0.857,0.769,0.667,0.667,0.545,0.545,0.545,0.364,0.571,0.571,0.462,0.333,0.333,0.182,0.182,0.182,0.182
1274,12951654.216,3,3,381,0,0,0,0,0,0.108,381,392,0.475,0.667,0.714,0.714,0.615,0.500,0.500,0.500,0.500,0.545,0.533,0.571,0.571,0.462,0.333,0.333,0.333,0.333,0.364
1275,12951654.289,2,2,395,0,0,0,0,0,0.111,395,381,0.412,0.800,0.800,0.714,0.714,0.615,0.500,0.500,0.500,0.500,0.667,0.667,0.571,0.571,0.462,0.333,0.333,0.333,0.500
1276,12951654.360,8,3,402,0,0,0,0,0,0.104,402,395,0.071,0.429,0.462,0.462,0.462,0.462,0.462,0.615,0.615,0.500,0.429,0.462,0.462,0.462,0.462,0.462,0.462,0.462,0.333
1277,12951654.432,2,2,404,0,0,0,0,0,0.114,404,402,0.434,0.769,0.769,0.667,0.667,0.667,0.667,0.545,0.545,0.545,0.615,0.615,0.500,0.500,0.500,0.500,0.364,0.364,0.364
1278,12951654.507,2,2,405,0,0,0,0,0,0.119,405,404,0.514,0.714,0.714,0.615,0.500,0.500,0.364,0.364,0.364,0.364,0.714,0.714,0.615,0.500,0.500,0.364,0.364,0.364,0.364
1279,12951654.580,2,2,393,0,0,0,0,0,0.104,393,405,0.450,0.714,0.714,0.714,0.500,0.500,0.364,0.364,0.364,0.364,0.714,0.714,0.714,0.500,0.500,0.364,0.364,0.364,0.364
1280,12951654.652,7,7,397,0,0,0,0,0,0.101,397,393,0.430,0.333,0.364,0.364,0.400,0.600,0.667,0.667,0.444,0.444,0.333,0.364,0.364,0.400,0.400,0.444,0.444,0.444,0.444
1281,12951654.725,2,2,388,0,0,0,0,0,0.113,388,397,0.472,0.750,0.571,0.571,0.615,0.500,0.500,0.500,0.500,0.500,0.625,0.429,0.429,0.462,0.333,0.333,0.333,0.333,0.333
1282,12951654.799,4,4,399,0,0,0,0,0,0.113,399,388,0.376,0.625,0.625,0.667,0.571,0.571,0.615,0.500,0.500,0.500,0.500,0.500,0.533,0.429,0.429,0.462,0.333,0.333,0.333
1283,12951654.872,5,5,415,0,0,0,0,1,0.096,416,399,0.187,0.667,0.667,0.667,0.727,0.545,0.545,0.600,0.600,0.600,0.333,0.333,0.333,0.364,0.182,0.182,0.200,0.200,0.200
1284,12951654.945,5,5,410,0,0,0,0,0,0.115,410,416,0.577,0.615,0.615,0.615,0.667,0.545,0.545,0.545,0.500,0.545,0.615,0.615,0.615,0.667,0.545,0.545,0.545,0.500,0.545
1285,12951655.018,6,6,397,0,0,0,0,0,0.106,397,410,0.341,0.533,0.571,0.615,0.615,0.667,0.545,0.545,0.545,0.545,0.267,0.286,0.308,0.308,0.333,0.182,0.182,0.182,0.182
1286,12951655.092,8,4,392,0,0,0,0,0,0.099,392,397,0.507,0.333,0.333,0.400,0.400,0.400,0.400,0.600,0.600,0.600,0.333,0.333,0.400,0.400,0.400,0.400,0.400,0.400,0.400
1287,12951655.166,2,2,407,0,0,0,0,0,0.106,407,392,0.096,0.571,0.571,0.571,0.500,0.500,0.500,0.500,0.500,0.500,0.286,0.286,0.286,0.167,0.167,0.167,0.167,0.167,0.167
1288,12951655.238,5,5,401,0,0,0,0,0,0.085,401,407,0.147,0.667,0.667,0.727,0.800,0.667,0.667,0.667,0.667,0.667,0.500,0.500,0.545,0.600,0.444,0.444,0.444,0.444,0.444
1289,12951655.312,2,7,401,0,0,0,0,0,0.087,401,401,0.153,0.727,0.727,0.727,0.600,0.600,0.600,0.600,0.600,0.600,0.545,0.545,0.545,0.400,0.400,0.600,0.600,0.600,0.600
1290,12951655.388,2,2,414,0,0,0,0,0,0.101,414,401,0.424,0.571,0.571,0.500,0.500,0.500,0.500,0.462,0.462,0.500,0.571,0.571,0.500,0.500,0.500,0.500,0.462,0.462,0.500
1291,12951655.461,3,3,400,0,0,0,0,0,0.105,400,414,0.445,0.667,0.714,0.667,0.667,0.545,0.545,0.545,0.545,0.444,0.667,0.714,0.667,0.667,0.545,0.545,0.545,0.545,0.444
1292,12951655.533,2,2,402,0,0,0,0,0,0.114,402,400,0.708,0.769,0.769,0.769,0.714,0.667,0.667,0.545,0.545,0.545,0.769,0.769,0.769,0.714,0.667,0.667,0.545,0.545,0.545
1293,12951655.606,2,2,396,0,0,0,0,0,0.109,396,402,0.240,0.800,0.800,0.615,0.615,0.667,0.545,0.545,0.500,0.545,0.667,0.667,0.462,0.462,0.667,0.545,0.545,0.500,0.545
1294,12951655.681,4,4,402,0,0,0,0,0,0.109,402,396,0.450,0.667,0.667,0.706,0.462,0.462,0.462,0.500,0.500,0.500,0.667,0.667,0.706,0.462,0.462,0.462,0.500,0.500,0.500
1295,12951655.755,2,2,399,0,0,0,0,0,0.110,399,402,0.580,0.667,0.667,0.667,0.588,0.429,0.462,0.462,0.500,0.500,0.667,0.667,0.667,0.588,0.429,0.462,0.462,0.500,0.500
1296,12951655.828,2,2,394,0,0,0,0,0,0.107,394,399,0.634,0.714,0.714,0.714,0.615,0.615,0.500,0.545,0.545,0.545,0.714,0.714,0.714,0.615,0.615,0.500,0.545,0.545,0.545
1297,12951655.900,8,8,386,0,0,0,0,0,0.109,386,394,0.604,0.615,0.615,0.667,0.545,0.600,0.600,0.727,0.600,0.444,0.462,0.462,0.500,0.364,0.400,0.600,0.727,0.600,0.444
1298,12951655.975,2,2,397,0,0,0,0,0,0.113,397,386,0.412,0.750,0.750,0.750,0.667,0.714,0.615,0.500,0.500,0.364,0.750,0.750,0.750,0.667,0.714,0.615,0.500,0.500,0.364
1299,12951656.050,2,2,391,0,0,0,0,0,0.105,391,397,0.729,0.667,0.667,0.667,0.667,0.571,0.500,0.500,0.500,0.500,0.667,0.667,0.667,0.667,0.571,0.500,0.500,0.500,0.500
1300,12951656.123,2,2,379,0,0,0,0,0,0.087,379,391,0.510,0.750,0.750,0.750,0.667,0.500,0.500,0.545,0.545,0.667,0.750,0.750,0.750,0.667,0.500,0.500,0.545,0.545,0.667
1301,12951656.194,2,2,390,0,0,0,0,0,0.095,390,379,0.247,0.625,0.625,0.625,0.571,0.462,0.333,0.333,0.364,0.364,0.625,0.625,0.625,0.571,0.462,0.333,0.333,0.364,0.364
1302,12951656.270,4,4,403,0,0,0,0,0,0.097,403,390,0.055,0.667,0.706,0.750,0.714,0.500,0.500,0.500,0.500,0.500,0.667,0.706,0.750,0.714,0.500,0.500,0.500,0.500,0.500
1303,12951656.344,2,2,375,0,0,0,0,0,0.075,375,403,0.104,0.667,0.667,0.615,0.545,0.545,0.545,0.545,0.545,0.400,0.667,0.667,0.615,0.545,0.545,0.545,0.545,0.545,0.400
1304,12951656.490,2,2,383,0,0,0,0,0,0.094,383,375,0.444,0.750,0.750,0.667,0.571,0.615,0.500,0.500,0.500,0.500,0.750,0.750,0.667,0.571,0.615,0.500,0.500,0.500,0.500
1305,12951656.562,4,4,393,0,0,0,0,0,0.081,393,383,0.358,0.615,0.615,0.667,0.667,0.667,0.545,0.545,0.545,0.545,0.615,0.615,0.667,0.667,0.667,0.545,0.545,0.545,0.545
1306,12951656.636,2,2,389,0,0,0,0,0,0.095,389,393,0.403,0.800,0.800,0.714,0.615,0.615,0.615,0.500,0.500,0.500,0.800,0.800,0.714,0.615,0.615,0.615,0.500,0.500,0.500
1307,12951656.710,2,2,398,0,0,0,0,0,0.111,398,389,0.236,0.800,0.800,0.800,0.714,0.615,0.500,0.500,0.500,0.500,0.800,0.800,0.800,0.714,0.615,0.500,0.500,0.500,0.500
1308,12951656.783,2,2,389,0,0,0,0,0,0.098,389,398,0.186,0.545,0.545,0.545,0.444,0.444,0.444,0.444,0.444,0.444,0.545,0.545,0.545,0.444,0.444,0.444,0.444,0.444,0.444
1309,12951656.854,6,6,393,0,0,0,0,1,0.089,394,389,0.371,0.429,0.429,0.462,0.462,0.545,0.545,0.545,0.545,0.545,0.429,0.429,0.462,0.462,0.545,0.545,0.545,0.545,0.545
1310,12951656.929,2,2,388,0,0,0,0,0,0.095,388,394,0.188,0.667,0.667,0.600,0.600,0.600,0.444,0.444,0.444,0.444,0.667,0.667,0.600,0.600,0.600,0.444,0.444,0.444,0.444
1311,12951657.003,4,4,406,0,0,0,0,0,0.103,406,388,0.188,0.667,0.667,0.714,0.615,0.500,0.500,0.500,0.364,0.364,0.667,0.667,0.714,0.615,0.500,0.500,0.500,0.364,0.364
1312,12951657.075,3,3,390,0,0,0,0,0,0.087,390,406,0.125,0.462,0.545,0.545,0.545,0.400,0.400,0.400,0.400,0.400,0.462,0.545,0.545,0.545,0.400,0.400,0.400,0.400,0.400
1313,12951657.148,4,4,380,0,0,0,0,0,0.087,380,390,0.165,0.500,0.500,0.600,0.444,0.444,0.444,0.444,0.444,0.444,0.500,0.500,0.600,0.444,0.444,0.444,0.444,0.444,0.444
1314,12951657.222,3,3,379,0,0,0,0,0,0.084,379,380,0.056,0.500,0.545,0.545,0.400,0.400,0.400,0.400,0.400,0.400,0.500,0.545,0.545,0.400,0.400,0.400,0.400,0.400,0.400
1315,12951657.296,4,8,380,0,0,0,0,0,0.089,380,379,0.015,0.500,0.500,0.545,0.444,0.444,0.444,0.444,0.444,0.444,0.333,0.333,0.364,0.222,0.222,0.222,0.444,0.444,0.444
1316,12951657.369,3,3,373,0,0,0,0,0,0.097,373,380,0.168,0.533,0.615,0.500,0.500,0.400,0.400,0.400,0.400,0.400,0.533,0.615,0.500,0.500,0.400,0.400,0.400,0.400,0.400
1317,12951657.442,7,7,370,0,0,0,0,0,0.100,370,373,0.321,0.500,0.545,0.545,0.545,0.545,0.600,0.600,0.600,0.600,0.500,0.545,0.545,0.545,0.545,0.600,0.600,0.600,0.600
1318,12951657.517,2,2,382,0,0,0,0,0,0.092,382,370,0.366,0.667,0.545,0.545,0.545,0.545,0.545,0.545,0.545,0.600,0.667,0.545,0.545,0.545,0.545,0.545,0.545,0.545,0.600
1319,12951657.592,2,2,385,0,0,0,0,0,0.104,385,382,0.360,0.667,0.571,0.615,0.500,0.500,0.500,0.500,0.500,0.545,0.667,0.571,0.615,0.500,0.500,0.500,0.500,0.500,0.545
1320,12951657.664,4,4,383,0,0,0,0,0,0.104,383,385,0.491,0.571,0.571,0.615,0.500,0.500,0.500,0.500,0.545,0.545,0.571,0.571,0.615,0.500,0.500,0.500,0.500,0.545,0.545
1321,12951657.736,2,2,376,0,0,0,0,0,0.090,376,383,0.472,0.714,0.714,0.667,0.545,0.600,0.667,0.667,0.667,0.667,0.714,0.714,0.667,0.545,0.600,0.667,0.667,0.667,0.667
1322,12951657.812,9,9,384,0,0,0,0,0,0.099,384,376,0.485,0.500,0.500,0.500,0.500,0.500,0.500,0.500,0.545,0.545,0.500,0.500,0.500,0.500,0.500,0.500,0.500,0.545,0.545
1323,12951657.886,4,4,366,0,0,0,0,2,0.092,368,384,0.517,0.533,0.571,0.615,0.500,0.545,0.545,0.545,0.545,0.545,0.400,0.429,0.462,0.333,0.364,0.364,0.364,0.364,0.364
1324,12951657.959,8,8,363,0,0,0,0,0,0.083,363,368,0.513,0.727,0.727,0.600,0.600,0.600,0.667,0.750,0.750,0.571,0.727,0.727,0.600,0.600,0.600,0.667,0.750,0.750,0.571
1325,12951658.032,4,4,370,0,0,0,0,0,0.105,370,363,0.112,0.500,0.500,0.571,0.462,0.500,0.500,0.500,0.500,0.400,0.500,0.500,0.571,0.462,0.500,0.500,0.500,0.500,0.400
1326,12951658.103,2,2,378,0,0,0,0,0,0.085,378,370,0.697,0.545,0.545,0.545,0.545,0.545,0.545,0.545,0.545,0.545,0.545,0.545,0.545,0.545,0.545,0.545,0.545,0.545,0.545
1327,12951658.177,2,2,397,0,0,0,0,0,0.103,397,378,0.288,0.800,0.714,0.500,0.500,0.500,0.500,0.500,0.545,0.545,0.800,0.714,0.500,0.500,0.500,0.500,0.500,0.545,0.545
1328,12951658.252,2,2,393,0,0,0,0,0,0.104,393,397,0.385,0.667,0.667,0.667,0.462,0.462,0.500,0.500,0.500,0.500,0.667,0.667,0.667,0.462,0.462,0.500,0.500,0.500,0.500
1329,12951658.324,5,5,390,0,0,0,0,0,0.074,390,393,0.544,0.667,0.667,0.667,0.727,0.600,0.600,0.600,0.600,0.600,0.667,0.667,0.667,0.727,0.600,0.600,0.600,0.600,0.600
1330,12951658.394,5,5,390,0,0,0,0,0,0.103,390,390,0.713,0.667,0.800,0.800,0.889,0.889,0.889,0.750,0.750,0.750,0.667,0.800,0.800,0.889,0.889,0.889,0.750,0.750,0.750
1331,12951658.470,2,2,393,0,0,0,0,1,0.076,394,390,0.067,0.667,0.571,0.571,0.571,0.571,0.500,0.500,0.500,0.500,0.667,0.571,0.571,0.571,0.571,0.500,0.500,0.500,0.500
1332,12951658.543,4,4,384,0,0,0,0,0,0.083,384,394,0.586,0.714,0.714,0.769,0.769,0.769,0.545,0.400,0.400,0.400,0.714,0.714,0.769,0.769,0.769,0.545,0.400,0.400,0.400
1333,12951658.615,5,5,396,0,0,0,0,0,0.086,396,384,0.226,0.571,0.571,0.615,0.667,0.667,0.667,0.667,0.545,0.400,0.571,0.571,0.615,0.667,0.667,0.667,0.667,0.545,0.400
1334,12951658.690,8,8,408,0,0,0,0,0,0.093,408,396,0.650,0.571,0.571,0.571,0.615,0.727,0.727,0.800,0.800,0.500,0.571,0.571,0.571,0.615,0.727,0.727,0.800,0.800,0.500
1335,12951658.764,4,4,392,0,0,0,0,0,0.094,392,408,0.195,0.615,0.615,0.667,0.667,0.600,0.600,0.600,0.444,0.444,0.615,0.615,0.667,0.667,0.600,0.600,0.600,0.444,0.444
1336,12951658.838,2,2,395,0,0,0,0,0,0.081,395,392,0.540,0.714,0.615,0.615,0.667,0.667,0.545,0.400,0.400,0.400,0.714,0.615,0.615,0.667,0.667,0.545,0.400,0.400,0.400
1337,12951658.912,4,4,394,0,0,0,0,0,0.094,394,395,0.736,0.727,0.800,0.889,0.889,0.750,0.750,0.750,0.750,0.750,0.727,0.800,0.889,0.889,0.750,0.750,0.750,0.750,0.750
1338,12951658.983,6,6,414,0,0,0,0,0,0.114,414,394,0.273,0.625,0.533,0.571,0.615,0.667,0.545,0.545,0.545,0.545,0.625,0.533,0.571,0.615,0.667,0.545,0.545,0.364,0.364
1339,12951659.058,6,6,398,0,0,0,0,0,0.103,398,414,0.602,0.625,0.714,0.769,0.769,0.800,0.800,0.800,0.667,0.667,0.500,0.571,0.615,0.615,0.800,0.800,0.800,0.667,0.667
1340,12951659.132,4,4,404,0,0,0,0,0,0.074,404,398,0.736,0.800,0.800,0.889,0.889,0.750,0.750,0.750,0.750,0.750,0.800,0.800,0.889,0.889,0.750,0.750,0.750,0.750,0.750
1341,12951659.204,5,5,404,0,0,0,0,0,0.097,404,404,0.335,0.615,0.667,0.727,0.800,0.800,0.667,0.667,0.667,0.500,0.615,0.667,0.727,0.800,0.800,0.667,0.667,0.667,0.500
1342,12951659.276,2,2,399,0,0,0,0,0,0.118,399,404,0.702,0.857,0.857,0.727,0.800,0.800,0.800,0.800,0.667,0.667,0.857,0.857,0.727,0.800,0.800,0.800,0.800,0.667,0.667
1343,12951659.352,4,4,393,0,0,0,0,0,0.104,393,399,0.844,0.769,0.769,0.909,0.800,0.800,0.800,0.667,0.667,0.667,0.769,0.769,0.909,0.800,0.800,0.800,0.667,0.667,0.667
1344,12951659.425,6,6,405,0,0,0,0,0,0.104,405,393,0.746,0.571,0.571,0.615,0.727,0.800,0.800,0.800,0.800,0.667,0.571,0.571,0.615,0.727,0.800,0.800,0.800,0.800,0.667
1345,12951659.498,5,5,386,0,0,0,0,0,0.091,386,405,0.698,0.769,0.833,0.800,0.889,0.889,0.889,0.889,0.889,0.750,0.769,0.833,0.800,0.889,0.889,0.889,0.889,0.889,0.750
1346,12951659.571,5,5,405,0,0,0,0,0,0.086,405,386,0.579,0.769,0.769,0.769,0.833,0.727,0.600,0.444,0.500,0.286,0.769,0.769,0.769,0.833,0.727,0.600,0.444,0.500,0.286
1347,12951659.646,3,3,391,0,0,0,0,0,0.102,391,405,0.788,0.769,0.833,0.833,0.833,0.600,0.600,0.600,0.667,0.500,0.769,0.833,0.833,0.833,0.600,0.600,0.600,0.444,0.500
1348,12951659.720,6,6,392,0,0,0,0,0,0.089,392,391,0.737,0.714,0.769,0.769,0.727,0.800,0.667,0.667,0.667,0.500,0.714,0.769,0.769,0.727,0.800,0.667,0.667,0.667,0.500
1349,12951659.795,6,6,396,0,0,0,0,0,0.111,396,392,0.689,0.667,0.667,0.769,0.769,0.833,0.800,0.667,0.667,0.667,0.667,0.667,0.769,0.769,0.833,0.800,0.667,0.667,0.667
1350,12951659.866,2,2,397,0,0,0,0,0,0.101,397,396,0.699,0.909,0.909,0.909,0.909,0.909,0.800,0.800,0.667,0.750,0.909,0.909,0.909,0.909,0.909,0.800,0.800,0.667,0.750
1351,12951659.940,2,2,408,0,0,0,0,0,0.096,408,397,0.700,0.889,0.889,0.889,0.889,0.750,0.750,0.750,0.750,0.857,0.889,0.889,0.889,0.889,0.750,0.750,0.750,0.750,0.857
1352,12951660.015,2,2,391,0,0,0,0,0,0.082,391,408,0.613,0.769,0.667,0.667,0.667,0.545,0.600,0.600,0.600,0.667,0.769,0.667,0.667,0.667,0.545,0.600,0.600,0.600,0.667
1353,12951660.089,6,6,385,0,0,0,0,0,0.081,385,391,0.828,0.727,0.800,0.800,0.800,0.889,0.889,0.571,0.571,0.571,0.727,0.800,0.800,0.800,0.889,0.889,0.571,0.571,0.571
1354,12951660.161,3,3,392,0,0,0,0,0,0.107,392,385,0.616,0.800,0.889,0.889,0.889,0.889,0.889,0.857,0.857,0.857,0.800,0.889,0.889,0.889,0.889,0.889,0.857,0.857,0.857
1355,12951660.236,9,9,378,0,0,0,0,1,0.071,379,392,0.818,0.750,0.750,0.750,0.750,0.750,0.750,0.750,0.857,0.667,0.750,0.750,0.750,0.750,0.750,0.750,0.750,0.857,0.667
1356,12951660.310,2,2,380,0,0,0,0,0,0.097,380,379,0.443,0.800,0.800,0.667,0.667,0.667,0.750,0.750,0.750,0.571,0.800,0.800,0.667,0.667,0.667,0.750,0.750,0.750,0.571
1357,12951660.383,4,4,370,0,0,0,0,1,0.073,371,380,0.643,0.909,0.909,1.000,0.889,0.889,0.750,0.750,0.750,0.750,0.909,0.909,1.000,0.889,0.889,0.750,0.750,0.750,0.750
1358,12951660.457,2,2,381,0,0,0,0,1,0.073,382,371,0.864,0.800,0.800,0.800,0.667,0.667,0.750,0.750,0.750,0.571,0.800,0.800,0.800,0.667,0.667,0.750,0.750,0.750,0.571
1359,12951660.528,9,9,378,0,0,0,0,0,0.082,378,382,0.847,0.667,0.667,0.667,0.667,0.667,0.667,0.667,0.750,0.571,0.667,0.667,0.667,0.667,0.667,0.667,0.667,0.750,0.571
1360,12951660.601,2,2,384,0,0,0,0,0,0.062,384,378,0.929,1.000,1.000,0.750,0.750,0.750,0.750,0.750,0.750,0.571,1.000,1.000,0.750,0.750,0.750,0.750,0.750,0.750,0.571
1361,12951660.676,2,2,384,0,0,0,0,0,0.078,384,384,0.961,1.000,1.000,0.889,0.750,0.750,0.750,0.750,0.750,0.750,1.000,1.000,0.889,0.750,0.750,0.750,0.750,0.750,0.750
1362,12951660.748,2,2,379,0,0,0,0,0,0.063,379,384,0.622,1.000,1.000,1.000,0.750,0.750,0.750,0.750,0.750,0.750,1.000,1.000,1.000,0.750,0.750,0.750,0.750,0.750,0.750
1363,12951660.822,2,2,392,0,0,0,0,0,0.077,392,379,0.656,1.000,1.000,0.889,0.889,0.889,0.750,0.750,0.750,0.750,1.000,1.000,0.889,0.889,0.889,0.750,0.750,0.750,0.750
1364,12951660.898,2,2,393,0,0,0,0,0,0.079,393,392,0.639,1.000,1.000,1.000,1.000,1.000,0.889,0.750,0.750,0.750,1.000,1.000,1.000,1.000,1.000,0.889,0.750,0.750,0.750
1365,12951660.971,2,2,399,0,0,0,0,0,0.088,399,393,0.703,0.667,0.667,0.667,0.667,0.667,0.667,0.545,0.400,0.444,0.500,0.500,0.500,0.500,0.500,0.500,0.364,0.200,0.222
1366,12951661.043,2,2,390,0,0,0,0,0,0.074,390,399,0.779,0.800,0.800,0.667,0.667,0.667,0.667,0.667,0.667,0.667,0.800,0.800,0.667,0.667,0.667,0.667,0.667,0.667,0.667
1367,12951661.116,4,4,390,0,0,0,0,0,0.074,390,390,0.897,0.727,0.727,0.800,0.667,0.667,0.667,0.667,0.667,0.667,0.727,0.727,0.800,0.667,0.667,0.667,0.667,0.667,0.667
1368,12951661.191,2,2,391,0,0,0,0,1,0.079,392,390,0.773,0.727,0.727,0.727,0.727,0.667,0.667,0.667,0.667,0.667,0.727,0.727,0.727,0.727,0.667,0.667,0.667,0.667,0.667
1369,12951661.264,8,8,378,0,0,0,0,0,0.066,378,392,0.151,0.727,0.727,0.600,0.667,0.667,0.667,0.750,0.571,0.571,0.727,0.727,0.600,0.667,0.667,0.667,0.750,0.571,0.571
1370,12951661.337,4,4,383,0,0,0,0,1,0.109,384,378,0.686,0.667,0.667,0.800,0.750,0.750,0.750,0.750,0.571,0.571,0.500,0.500,0.600,0.500,0.500,0.500,0.500,0.571,0.571
1371,12951661.409,5,2,386,0,0,0,0,0,0.070,386,384,0.434,0.545,0.545,0.545,0.667,0.667,0.500,0.500,0.500,0.500,0.545,0.545,0.545,0.444,0.444,0.500,0.500,0.500,0.500
1372,12951661.483,2,9,380,0,0,0,0,0,0.082,380,386,0.705,0.667,0.667,0.667,0.667,0.667,0.667,0.444,0.500,0.500,0.444,0.444,0.444,0.444,0.444,0.444,0.444,0.500,0.500
1373,12951661.558,4,4,378,0,0,0,0,1,0.079,379,380,0.732,0.600,0.600,0.750,0.750,0.750,0.750,0.750,0.750,0.750,0.600,0.600,0.750,0.750,0.750,0.750,0.750,0.750,0.750
1374,12951661.630,5,5,387,0,0,0,0,0,0.090,387,379,0.626,0.615,0.615,0.600,0.667,0.667,0.667,0.667,0.667,0.667,0.615,0.615,0.600,0.667,0.667,0.667,0.667,0.667,0.667
1375,12951661.702,2,2,373,0,0,0,0,1,0.104,374,387,0.630,0.727,0.727,0.600,0.667,0.667,0.667,0.667,0.667,0.667,0.727,0.727,0.600,0.667,0.667,0.667,0.667,0.667,0.667
1376,12951661.851,2,2,361,0,0,0,0,1,0.086,362,374,0.684,0.667,0.667,0.667,0.667,0.667,0.667,0.667,0.667,0.667,0.667,0.667,0.667,0.667,0.667,0.667,0.667,0.667,0.667
1377,12951661.924,5,5,375,0,0,0,0,0,0.096,375,362,0.106,0.600,0.600,0.600,0.667,0.667,0.667,0.667,0.667,0.667,0.600,0.600,0.600,0.667,0.667,0.667,0.667,0.667,0.667
1378,12951661.998,2,2,381,0,0,0,0,0,0.094,381,375,0.657,0.667,0.667,0.600,0.667,0.667,0.667,0.667,0.667,0.667,0.667,0.667,0.600,0.667,0.667,0.667,0.667,0.667,0.667
1379,12951662.070,2,2,394,0,0,0,0,1,0.106,395,381,0.784,0.727,0.727,0.600,0.600,0.600,0.667,0.667,0.667,0.667,0.727,0.727,0.600,0.600,0.600,0.667,0.667,0.667,0.667
1380,12951662.144,2,2,369,0,0,0,0,0,0.068,369,395,0.635,0.800,0.800,0.800,0.800,0.667,0.667,0.667,0.667,0.500,0.800,0.800,0.800,0.800,0.667,0.667,0.667,0.667,0.500
1381,12951662.219,2,2,367,0,0,0,0,0,0.087,367,369,0.883,0.667,0.667,0.667,0.667,0.667,0.667,0.667,0.667,0.667,0.667,0.667,0.667,0.667,0.667,0.667,0.667,0.667,0.667
1382,12951662.291,4,4,372,0,0,0,0,0,0.099,372,367,0.654,0.545,0.545,0.667,0.667,0.667,0.667,0.667,0.667,0.667,0.545,0.545,0.667,0.667,0.667,0.667,0.667,0.667,0.667
1383,12951662.366,5,5,378,0,0,0,0,0,0.095,378,372,0.805,0.600,0.600,0.600,0.667,0.667,0.667,0.667,0.667,0.667,0.600,0.600,0.600,0.667,0.667,0.667,0.667,0.667,0.667
1384,12951662.440,2,2,391,0,0,0,0,0,0.084,391,378,0.765,0.909,0.909,0.667,0.667,0.667,0.667,0.600,0.600,0.667,0.909,0.909,0.667,0.667,0.667,0.667,0.600,0.600,0.667
1385,12951662.513,2,4,383,0,0,0,0,0,0.104,383,391,0.573,0.923,0.833,0.909,0.667,0.667,0.667,0.667,0.667,0.500,0.769,0.833,0.909,0.667,0.667,0.667,0.667,0.667,0.500
1386,12951662.585,6,6,383,0,0,0,0,0,0.084,383,383,0.664,0.500,0.500,0.545,0.600,0.667,0.667,0.500,0.500,0.500,0.500,0.500,0.545,0.600,0.667,0.667,0.500,0.500,0.500
1387,12951662.660,2,2,388,0,0,0,0,0,0.093,388,383,0.691,0.833,0.833,0.667,0.667,0.667,0.667,0.667,0.667,0.667,0.833,0.833,0.667,0.667,0.667,0.667,0.667,0.667,0.667
1388,12951662.734,5,5,398,0,0,0,0,0,0.098,398,388,0.855,0.667,0.667,0.727,0.800,0.667,0.667,0.667,0.667,0.667,0.667,0.667,0.727,0.800,0.667,0.667,0.667,0.667,0.667
1389,12951662.807,2,2,391,0,0,0,0,0,0.095,391,398,0.693,0.800,0.667,0.667,0.667,0.750,0.750,0.750,0.750,0.750,0.800,0.667,0.667,0.667,0.750,0.750,0.750,0.750,0.750
1390,12951662.881,2,2,404,0,0,0,0,0,0.121,404,391,0.758,0.833,0.833,0.727,0.800,0.667,0.667,0.667,0.667,0.667,0.833,0.833,0.727,0.800,0.667,0.667,0.667,0.667,0.667
1391,12951662.955,4,4,391,0,0,0,0,0,0.090,391,404,0.102,0.600,0.600,0.667,0.667,0.667,0.667,0.667,0.667,0.667,0.600,0.600,0.667,0.667,0.667,0.667,0.667,0.667,0.667
1392,12951663.029,5,5,391,0,0,0,0,1,0.099,392,391,0.666,0.769,0.769,0.667,0.800,0.667,0.667,0.667,0.667,0.667,0.769,0.769,0.667,0.800,0.667,0.667,0.667,0.667,0.667
1393,12951663.103,7,7,394,0,0,0,0,0,0.089,394,392,0.701,0.667,0.667,0.667,0.727,0.727,0.800,0.667,0.667,0.667,0.667,0.667,0.667,0.727,0.727,0.800,0.667,0.667,0.667
1394,12951663.174,7,7,387,0,0,0,0,0,0.124,387,394,0.756,0.667,0.667,0.667,0.667,0.727,0.800,0.667,0.667,0.667,0.667,0.667,0.667,0.667,0.727,0.800,0.667,0.667,0.667
1395,12951663.246,6,6,385,0,0,0,0,0,0.088,385,387,0.739,0.667,0.667,0.727,0.727,0.800,0.667,0.667,0.667,0.667,0.667,0.667,0.727,0.727,0.800,0.667,0.667,0.667,0.667
1396,12951663.322,2,2,389,0,0,0,0,0,0.116,389,385,0.045,0.714,0.714,0.615,0.667,0.545,0.600,0.600,0.600,0.600,0.714,0.714,0.615,0.667,0.545,0.600,0.600,0.600,0.600
1397,12951663.396,5,5,390,0,0,0,0,0,0.105,390,389,0.071,0.667,0.714,0.714,0.769,0.667,0.545,0.600,0.600,0.600,0.667,0.714,0.714,0.769,0.667,0.545,0.600,0.600,0.600
1398,12951663.469,2,2,386,0,0,0,0,1,0.106,387,390,0.095,0.714,0.714,0.714,0.615,0.545,0.444,0.444,0.444,0.444,0.714,0.714,0.714,0.615,0.545,0.444,0.444,0.444,0.444
1399,12951663.542,5,5,392,0,0,0,0,1,0.115,393,387,0.111,0.667,0.667,0.714,0.769,0.545,0.600,0.600,0.600,0.600,0.667,0.667,0.714,0.769,0.545,0.600,0.600,0.600,0.600
1400,12951663.617,6,6,397,0,0,0,0,0,0.123,397,393,0.133,0.615,0.615,0.500,0.545,0.727,0.600,0.600,0.600,0.600,0.462,0.462,0.333,0.364,0.545,0.400,0.400,0.400,0.400
1401,12951663.692,2,2,396,0,0,0,0,1,0.106,397,397,0.196,0.667,0.667,0.667,0.667,0.667,0.600,0.600,0.600,0.600,0.667,0.667,0.667,0.667,0.667,0.600,0.600,0.600,0.600
1402,12951663.765,2,2,405,0,0,0,0,1,0.128,406,397,0.101,0.769,0.769,0.769,0.769,0.600,0.600,0.600,0.444,0.400,0.769,0.769,0.769,0.769,0.600,0.600,0.600,0.444,0.400
1403,12951663.838,5,5,401,0,0,0,0,0,0.112,401,406,0.026,0.500,0.500,0.545,0.600,0.600,0.444,0.444,0.444,0.600,0.333,0.333,0.364,0.400,0.400,0.222,0.222,0.222,0.400
1404,12951663.912,2,9,392,0,0,0,0,0,0.102,392,401,0.063,0.615,0.615,0.615,0.500,0.545,0.545,0.400,0.600,0.600,0.462,0.462,0.462,0.500,0.545,0.545,0.400,0.600,0.600
1405,12951663.987,8,8,384,0,0,0,0,0,0.117,384,392,0.093,0.545,0.545,0.545,0.400,0.400,0.400,0.600,0.600,0.600,0.364,0.364,0.364,0.200,0.200,0.200,0.400,0.400,0.400
1406,12951664.060,3,9,431,0,0,0,0,0,0.181,431,384,0.123,0.615,0.667,0.667,0.545,0.545,0.444,0.444,0.600,0.600,0.462,0.500,0.500,0.364,0.364,0.222,0.222,0.600,0.600
1407,12951664.132,5,5,383,0,0,0,0,2,0.106,385,431,0.118,0.769,0.769,0.769,0.833,0.600,0.444,0.444,0.444,0.444,0.769,0.769,0.769,0.833,0.600,0.444,0.444,0.444,0.444
1408,12951664.207,2,2,379,0,0,0,0,0,0.087,379,385,0.089,0.769,0.769,0.769,0.667,0.600,0.600,0.600,0.600,0.600,0.769,0.769,0.769,0.667,0.600,0.600,0.600,0.600,0.600
1409,12951664.280,4,5,388,0,0,0,0,0,0.095,388,379,0.072,0.769,0.769,0.833,0.833,0.600,0.600,0.600,0.600,0.444,0.615,0.615,0.667,0.833,0.600,0.600,0.600,0.600,0.444
1410,12951664.353,4,4,345,0,0,0,0,0,0.090,345,388,0.076,0.667,0.667,0.727,0.727,0.600,0.600,0.444,0.444,0.444,0.667,0.667,0.727,0.727,0.600,0.600,0.444,0.444,0.444
1411,12951664.426,2,2,387,0,0,0,0,0,0.111,387,345,0.074,0.727,0.727,0.600,0.600,0.600,0.444,0.444,0.444,0.444,0.545,0.545,0.400,0.400,0.400,0.222,0.222,0.222,0.222
1412,12951664.499,4,4,391,0,0,0,0,0,0.097,391,387,0.136,0.667,0.667,0.727,0.727,0.600,0.600,0.600,0.600,0.600,0.500,0.500,0.545,0.545,0.400,0.400,0.400,0.400,0.400
1413,12951664.573,2,2,404,0,0,0,0,0,0.109,404,391,0.204,0.857,0.857,0.667,0.600,0.545,0.545,0.600,0.600,0.600,0.714,0.714,0.500,0.400,0.545,0.545,0.600,0.400,0.400
1414,12951664.647,2,5,395,0,0,0,0,1,0.086,396,404,0.174,0.769,0.769,0.769,0.667,0.545,0.545,0.545,0.600,0.600,0.615,0.615,0.615,0.667,0.545,0.545,0.545,0.400,0.400
1415,12951664.719,2,2,395,0,0,0,0,0,0.084,395,396,0.111,0.909,0.909,0.909,0.800,0.800,0.667,0.500,0.500,0.286,0.909,0.909,0.909,0.800,0.800,0.667,0.500,0.500,0.286
1416,12951664.791,2,2,385,0,0,0,0,0,0.091,385,395,0.180,0.833,0.833,0.833,0.727,0.727,0.600,0.600,0.444,0.444,0.833,0.833,0.833,0.727,0.727,0.600,0.600,0.444,0.444
1417,12951664.867,4,4,400,0,0,0,0,0,0.095,400,385,0.230,0.833,0.833,0.909,0.800,0.667,0.667,0.667,0.667,0.667,0.667,0.667,0.909,0.800,0.667,0.667,0.667,0.667,0.667
1418,12951664.940,2,5,385,0,0,0,0,0,0.096,385,400,0.190,0.909,0.909,0.909,0.909,0.909,0.667,0.667,0.667,0.667,0.727,0.727,0.727,0.909,0.909,0.667,0.667,0.667,0.667
1419,12951665.011,5,5,387,0,0,0,0,0,0.090,387,385,0.140,0.667,0.667,0.667,0.800,0.800,0.667,0.667,0.667,0.667,0.667,0.667,0.667,0.800,0.800,0.667,0.667,0.667,0.667
1420,12951665.084,2,2,397,0,0,0,0,1,0.098,398,387,0.079,0.727,0.727,0.667,0.667,0.667,0.500,0.500,0.500,0.500,0.727,0.727,0.667,0.667,0.667,0.500,0.500,0.500,0.500
1421,12951665.158,2,2,388,0,0,0,0,1,0.090,389,398,0.130,0.833,0.833,0.800,0.667,0.667,0.667,0.667,0.500,0.500,0.833,0.833,0.800,0.667,0.667,0.667,0.667,0.500,0.500
1422,12951665.232,2,2,365,0,0,0,0,1,0.085,366,389,0.243,0.909,0.909,0.909,0.667,0.667,0.667,0.667,0.667,0.500,0.909,0.909,0.909,0.667,0.667,0.667,0.667,0.667,0.500
1423,12951665.305,2,2,375,0,0,0,0,0,0.064,375,366,0.189,0.800,0.800,0.800,0.800,0.667,0.667,0.500,0.500,0.500,0.800,0.800,0.800,0.800,0.667,0.667,0.500,0.500,0.500
1424,12951665.376,3,3,391,0,0,0,0,0,0.087,391,375,0.245,0.833,0.909,0.800,0.800,0.800,0.667,0.667,0.500,0.500,0.833,0.909,0.800,0.800,0.800,0.667,0.667,0.500,0.500
1425,12951665.451,5,5,404,0,0,0,0,0,0.099,404,391,0.165,0.800,0.800,0.800,0.909,0.667,0.667,0.667,0.667,0.667,0.800,0.800,0.800,0.909,0.667,0.667,0.667,0.667,0.667
1426,12951665.525,2,2,397,0,0,0,0,0,0.098,397,404,0.132,0.800,0.800,0.800,0.667,0.667,0.500,0.667,0.667,0.667,0.800,0.800,0.800,0.667,0.667,0.500,0.667,0.667,0.667
1427,12951665.598,2,2,402,0,0,0,0,0,0.102,402,397,0.160,0.800,0.800,0.800,0.800,0.500,0.500,0.667,0.667,0.667,0.800,0.800,0.800,0.800,0.500,0.500,0.667,0.667,0.667
1428,12951665.670,4,4,393,0,0,0,0,1,0.079,394,402,0.140,0.615,0.615,0.800,0.667,0.667,0.667,0.667,0.500,0.500,0.615,0.615,0.800,0.667,0.667,0.667,0.667,0.500,0.500
1429,12951665.742,2,2,404,0,0,0,0,0,0.094,404,394,0.117,0.909,0.909,0.909,0.667,0.667,0.667,0.667,0.667,0.500,0.909,0.909,0.909,0.667,0.667,0.667,0.667,0.667,0.500
1430,12951665.815,4,4,395,0,0,0,0,0,0.089,395,404,0.213,0.727,0.727,0.800,0.667,0.500,0.667,0.667,0.667,0.667,0.727,0.727,0.800,0.667,0.500,0.667,0.667,0.667,0.667
1431,12951665.889,2,2,377,0,0,0,0,0,0.080,377,395,0.214,0.667,0.667,0.667,0.667,0.667,0.667,0.667,0.667,0.500,0.667,0.667,0.667,0.667,0.667,0.667,0.667,0.667,0.500
1432,12951665.961,4,4,380,0,0,0,0,0,0.097,380,377,0.193,0.667,0.667,0.800,0.667,0.667,0.667,0.500,0.500,0.500,0.667,0.667,0.800,0.667,0.667,0.667,0.500,0.500,0.500
1433,12951666.033,2,2,381,0,0,0,0,2,0.104,383,380,0.092,0.769,0.769,0.545,0.667,0.667,0.667,0.667,0.667,0.667,0.769,0.769,0.545,0.667,0.667,0.667,0.667,0.667,0.667
1434,12951666.106,2,2,390,0,0,0,0,0,0.121,390,383,0.267,0.923,0.923,0.923,0.727,0.727,0.800,0.800,0.800,0.800,0.923,0.923,0.923,0.727,0.727,0.800,0.800,0.800,0.800
1435,12951666.180,2,2,364,0,0,0,0,0,0.104,364,390,0.190,0.727,0.727,0.727,0.727,0.600,0.667,0.667,0.667,0.667,0.727,0.727,0.727,0.727,0.600,0.667,0.667,0.667,0.667
1436,12951666.253,3,3,387,0,0,0,0,0,0.116,387,364,0.133,0.833,0.909,0.800,0.800,0.800,0.667,0.667,0.667,0.667,0.833,0.909,0.800,0.800,0.800,0.667,0.667,0.667,0.667
1437,12951666.325,2,2,388,0,0,0,0,1,0.111,389,387,0.140,0.833,0.833,0.833,0.727,0.545,0.600,0.667,0.667,0.286,0.833,0.833,0.833,0.727,0.545,0.600,0.667,0.667,0.286
1438,12951666.400,2,2,394,0,0,0,0,1,0.127,395,389,0.220,0.857,0.857,0.857,0.727,0.727,0.727,0.600,0.600,0.667,0.857,0.857,0.857,0.727,0.727,0.727,0.600,0.600,0.667
1439,12951666.545,3,3,379,0,0,0,0,0,0.108,379,395,0.234,0.800,0.857,0.857,0.667,0.667,0.667,0.545,0.600,0.600,0.800,0.857,0.857,0.667,0.667,0.667,0.545,0.600,0.600
1440,12951666.619,4,4,380,0,0,0,0,0,0.111,380,379,0.215,0.800,0.857,0.923,0.833,0.727,0.727,0.600,0.600,0.667,0.800,0.857,0.923,0.833,0.727,0.727,0.600,0.600,0.667
1441,12951666.694,4,4,389,0,0,0,0,0,0.113,389,380,0.338,0.750,0.857,0.923,0.909,0.800,0.800,0.800,0.800,0.667,0.750,0.857,0.923,0.909,0.800,0.800,0.800,0.800,0.667
1442,12951666.768,2,2,393,0,0,0,0,0,0.130,393,389,0.311,0.800,0.800,0.800,0.769,0.667,0.727,0.727,0.444,0.444,0.800,0.800,0.800,0.769,0.667,0.727,0.727,0.444,0.444
1443,12951666.841,7,7,385,0,0,0,0,0,0.130,385,393,0.483,0.714,0.714,0.714,0.769,0.727,0.800,0.800,0.667,0.500,0.571,0.571,0.571,0.615,0.727,0.800,0.800,0.667,0.500
1444,12951666.913,6,6,383,0,0,0,0,0,0.136,383,385,0.180,0.625,0.667,0.714,0.667,0.727,0.727,0.727,0.667,0.667,0.625,0.667,0.714,0.667,0.727,0.727,0.727,0.667,0.667
1445,12951666.988,5,5,389,0,0,0,0,0,0.131,389,383,0.348,0.714,0.769,0.769,0.909,0.909,0.727,0.800,0.800,0.500,0.714,0.769,0.769,0.909,0.909,0.727,0.800,0.800,0.500
1446,12951667.062,3,3,405,0,0,0,0,1,0.113,406,389,0.812,0.667,0.714,0.615,0.667,0.545,0.545,0.545,0.545,0.444,0.667,0.714,0.615,0.667,0.545,0.545,0.545,0.545,0.222
1447,12951667.135,4,4,410,0,0,0,0,0,0.129,410,406,0.272,0.667,0.667,0.769,0.769,0.667,0.667,0.545,0.400,0.222,0.533,0.533,0.615,0.615,0.500,0.500,0.545,0.400,0.222
1448,12951667.207,6,6,411,0,0,0,0,0,0.136,411,410,0.180,0.571,0.571,0.615,0.667,0.727,0.727,0.667,0.500,0.500,0.571,0.571,0.615,0.667,0.727,0.727,0.667,0.500,0.500
1449,12951667.282,7,7,420,0,0,0,0,0,0.145,420,411,0.540,0.667,0.667,0.667,0.714,0.769,0.833,0.727,0.600,0.600,0.556,0.556,0.533,0.571,0.769,0.833,0.727,0.600,0.600
1450,12951667.356,8,3,408,0,0,0,0,0,0.130,408,420,0.218,0.667,0.714,0.714,0.615,0.545,0.545,0.727,0.727,0.444,0.667,0.714,0.714,0.615,0.545,0.545,0.545,0.545,0.444
1451,12951667.430,5,5,402,0,0,0,0,0,0.117,402,408,0.825,0.615,0.667,0.727,0.800,0.800,0.667,0.667,0.444,0.444,0.615,0.667,0.727,0.800,0.800,0.667,0.667,0.444,0.444
1452,12951667.504,6,6,420,0,0,0,0,0,0.119,420,402,0.726,0.714,0.714,0.714,0.714,0.833,0.833,0.600,0.444,0.333,0.714,0.714,0.714,0.714,0.833,0.833,0.600,0.444,0.333
1453,12951667.578,2,2,403,0,0,0,0,1,0.139,404,420,0.731,0.909,0.909,0.909,0.833,0.909,0.800,0.667,0.667,0.444,0.909,0.909,0.909,0.833,0.909,0.800,0.667,0.667,0.444
1454,12951667.652,4,4,412,0,0,0,0,0,0.112,412,404,0.406,0.769,0.769,0.833,0.833,0.833,0.667,0.545,0.545,0.400,0.615,0.615,0.667,0.667,0.667,0.667,0.545,0.545,0.400
1455,12951667.727,2,2,399,0,0,0,0,0,0.123,399,412,0.558,0.923,0.923,0.909,0.909,0.909,0.667,0.667,0.667,0.444,0.769,0.769,0.727,0.545,0.545,0.444,0.444,0.444,0.444
1456,12951667.799,6,6,411,0,0,0,0,0,0.134,411,399,0.314,0.545,0.600,0.600,0.727,0.800,0.500,0.500,0.500,0.286,0.545,0.600,0.600,0.727,0.800,0.500,0.500,0.500,0.286
1457,12951667.871,3,3,408,0,0,0,0,0,0.150,408,411,0.270,0.923,1.000,1.000,0.909,0.909,0.909,0.800,0.800,0.600,0.769,0.833,0.833,0.727,0.727,0.727,0.600,0.600,0.600
1458,12951667.946,4,4,401,0,0,0,0,0,0.120,401,408,0.390,0.769,0.769,0.833,0.833,0.727,0.727,0.727,0.727,0.444,0.769,0.769,0.833,0.833,0.727,0.727,0.727,0.727,0.444
1459,12951668.019,4,4,419,0,0,0,0,0,0.134,419,401,0.766,0.706,0.750,0.800,0.667,0.667,0.600,0.600,0.444,0.444,0.706,0.750,0.800,0.667,0.667,0.600,0.600,0.444,0.444
1460,12951668.091,4,4,414,0,0,0,0,1,0.113,415,419,0.779,0.800,0.857,0.923,0.833,0.727,0.667,0.250,0.250,0.250,0.667,0.714,0.769,0.667,0.545,0.444,0.250,0.250,0.250
1461,12951668.167,5,5,401,0,0,0,0,0,0.125,401,415,0.909,0.429,0.429,0.545,0.600,0.600,0.600,0.444,0.444,0.250,0.429,0.429,0.545,0.600,0.600,0.600,0.444,0.444,0.250
1462,12951668.241,3,3,414,0,0,0,0,0,0.138,414,401,0.836,0.714,0.769,0.545,0.600,0.727,0.727,0.600,0.600,0.444,0.714,0.769,0.545,0.600,0.727,0.727,0.600,0.600,0.444
1463,12951668.314,5,5,405,0,0,0,0,0,0.114,405,414,0.759,0.429,0.429,0.462,0.600,0.600,0.600,0.444,0.444,0.444,0.429,0.429,0.462,0.600,0.600,0.600,0.444,0.444,0.444
1464,12951668.388,3,3,411,0,0,0,0,0,0.112,411,405,0.652,0.714,0.769,0.667,0.545,0.545,0.600,0.400,0.400,0.444,0.714,0.769,0.667,0.545,0.545,0.600,0.400,0.400,0.444
1465,12951668.460,6,6,413,0,0,0,0,0,0.123,413,411,0.700,0.429,0.429,0.571,0.545,0.600,0.600,0.600,0.600,0.545,0.429,0.429,0.571,0.545,0.600,0.600,0.600,0.600,0.545
1466,12951668.534,2,2,409,0,0,0,0,0,0.115,409,413,0.678,0.667,0.667,0.667,0.500,0.500,0.500,0.667,0.667,0.500,0.667,0.667,0.667,0.500,0.500,0.500,0.667,0.667,0.500
1467,12951668.609,2,2,422,0,0,0,0,0,0.126,422,409,0.795,0.571,0.500,0.500,0.545,0.545,0.545,0.444,0.444,0.444,0.571,0.500,0.500,0.545,0.545,0.545,0.444,0.444,0.444
1468,12951668.681,4,4,420,0,0,0,0,0,0.145,420,422,0.519,0.769,0.769,0.833,0.727,0.667,0.667,0.500,0.500,0.500,0.769,0.769,0.833,0.727,0.667,0.667,0.500,0.500,0.500
1469,12951668.752,3,3,428,0,0,0,0,0,0.145,428,420,0.752,0.615,0.667,0.545,0.600,0.600,0.444,0.444,0.444,0.444,0.615,0.667,0.545,0.600,0.600,0.444,0.444,0.444,0.444
1470,12951668.828,4,4,415,0,0,0,0,0,0.111,415,428,0.142,0.615,0.667,0.727,0.727,0.600,0.444,0.444,0.444,0.444,0.615,0.667,0.727,0.727,0.600,0.444,0.444,0.444,0.444
1471,12951668.902,6,6,400,0,0,0,0,0,0.117,400,415,0.236,0.571,0.571,0.615,0.667,0.727,0.600,0.444,0.600,0.600,0.571,0.571,0.615,0.667,0.727,0.600,0.444,0.600,0.600
1472,12951668.975,2,2,386,0,0,0,0,0,0.101,386,400,0.225,0.727,0.727,0.727,0.727,0.727,0.600,0.600,0.600,0.600,0.727,0.727,0.727,0.727,0.727,0.600,0.600,0.400,0.400
1473,12951669.048,2,2,408,0,0,0,0,0,0.103,408,386,0.240,0.769,0.769,0.727,0.727,0.600,0.444,0.444,0.444,0.444,0.769,0.769,0.727,0.727,0.600,0.444,0.444,0.444,0.444
1474,12951669.122,4,4,391,0,0,0,0,0,0.115,391,408,0.232,0.625,0.667,0.714,0.667,0.667,0.600,0.600,0.500,0.500,0.625,0.667,0.714,0.667,0.667,0.600,0.600,0.500,0.500
1475,12951669.196,4,4,397,0,0,0,0,0,0.113,397,391,0.435,0.800,0.800,0.857,0.769,0.667,0.667,0.667,0.667,0.667,0.800,0.800,0.857,0.769,0.667,0.667,0.667,0.667,0.667
1476,12951669.270,10,10,393,0,0,0,0,0,0.122,393,397,0.436,0.714,0.769,0.769,0.667,0.545,0.667,0.667,0.667,0.800,0.714,0.769,0.769,0.667,0.545,0.667,0.667,0.667,0.800
1477,12951669.342,6,6,393,0,0,0,0,0,0.097,393,393,0.649,0.769,0.769,0.769,0.727,0.800,0.667,0.667,0.500,0.500,0.769,0.769,0.769,0.727,0.800,0.667,0.667,0.500,0.500
1478,12951669.487,6,6,404,0,0,0,0,0,0.109,404,393,0.509,0.769,0.769,0.769,0.727,0.800,0.800,0.800,0.667,0.500,0.769,0.769,0.769,0.727,0.800,0.800,0.800,0.667,0.500
1479,12951669.632,5,5,411,0,0,0,0,0,0.112,411,404,0.567,0.714,0.769,0.769,0.800,0.800,0.800,0.800,0.800,0.667,0.714,0.769,0.769,0.800,0.800,0.800,0.800,0.800,0.667
1480,12951669.706,6,6,396,0,0,0,0,0,0.109,396,411,0.331,0.615,0.615,0.615,0.615,0.800,0.800,0.800,0.800,0.500,0.615,0.615,0.615,0.615,0.800,0.800,0.800,0.800,0.500
1481,12951669.780,7,7,413,0,0,0,0,0,0.123,413,396,0.405,0.727,0.727,0.727,0.727,0.800,0.889,0.889,0.750,0.750,0.727,0.727,0.727,0.727,0.800,0.889,0.889,0.750,0.750
1482,12951669.854,9,9,409,0,0,0,0,0,0.117,409,413,0.418,0.615,0.615,0.615,0.615,0.600,0.600,0.600,0.667,0.667,0.615,0.615,0.615,0.615,0.600,0.600,0.600,0.667,0.667
1483,12951669.927,7,7,406,0,0,0,0,1,0.115,407,409,0.450,0.667,0.667,0.667,0.667,0.667,0.727,0.667,0.667,0.667,0.667,0.667,0.667,0.667,0.667,0.727,0.667,0.667,0.667
1484,12951669.999,2,2,411,0,0,0,0,0,0.131,411,407,0.321,0.833,0.727,0.727,0.727,0.727,0.727,0.727,0.667,0.667,0.833,0.727,0.727,0.727,0.727,0.727,0.727,0.667,0.667
1485,12951670.073,9,9,391,0,0,0,0,0,0.107,391,411,0.229,0.600,0.600,0.545,0.545,0.600,0.600,0.600,0.667,0.667,0.600,0.600,0.545,0.545,0.600,0.600,0.600,0.667,0.667
1486,12951670.147,2,2,378,0,0,0,0,0,0.108,378,391,0.393,0.667,0.667,0.545,0.545,0.600,0.600,0.600,0.667,0.667,0.667,0.667,0.545,0.545,0.600,0.600,0.600,0.667,0.667
1487,12951670.219,2,2,376,0,0,0,0,0,0.122,376,378,0.332,0.857,0.857,0.769,0.769,0.727,0.727,0.800,0.800,0.667,0.857,0.857,0.769,0.769,0.727,0.727,0.800,0.800,0.667
1488,12951670.290,7,7,369,0,0,0,0,0,0.100,369,376,0.385,0.667,0.727,0.727,0.667,0.727,0.800,0.667,0.667,0.667,0.667,0.727,0.727,0.667,0.727,0.800,0.667,0.667,0.667
1489,12951670.366,7,7,382,0,0,0,0,0,0.097,382,369,0.273,0.600,0.600,0.600,0.600,0.600,0.667,0.667,0.667,0.667,0.600,0.600,0.600,0.600,0.600,0.667,0.667,0.667,0.667
1490,12951670.439,2,2,374,0,0,0,0,0,0.107,374,382,0.500,0.889,0.889,0.889,0.750,0.750,0.667,0.667,0.667,0.750,0.889,0.889,0.889,0.750,0.750,0.667,0.667,0.667,0.750
1491,12951670.511,5,5,390,0,0,0,0,0,0.121,390,374,0.310,0.800,0.800,0.800,0.889,0.889,0.889,0.889,0.750,0.750,0.800,0.800,0.800,0.889,0.889,0.889,0.889,0.750,0.750
1492,12951670.584,2,2,384,0,0,0,0,0,0.109,384,390,0.455,0.889,0.889,0.889,0.889,0.889,0.889,0.750,0.750,0.750,0.889,0.889,0.889,0.889,0.889,0.889,0.750,0.500,0.500
1493,12951670.659,4,4,384,0,0,0,0,0,0.099,384,384,0.413,0.800,0.800,0.889,0.750,0.750,0.750,0.667,0.667,0.667,0.800,0.800,0.889,0.750,0.750,0.750,0.667,0.667,0.667
1494,12951670.733,10,10,376,0,0,0,0,0,0.093,376,384,0.218,0.727,0.727,0.727,0.600,0.667,0.667,0.667,0.667,0.750,0.727,0.727,0.727,0.600,0.667,0.667,0.667,0.667,0.750
1495,12951670.807,2,2,361,0,0,0,0,0,0.100,361,376,0.475,1.000,1.000,1.000,0.857,0.857,0.857,0.857,0.750,0.857,1.000,1.000,1.000,0.857,0.857,0.857,0.857,0.750,0.857
1496,12951670.878,2,2,379,0,0,0,0,0,0.082,379,361,0.339,1.000,1.000,1.000,1.000,0.857,0.857,0.857,0.667,0.667,1.000,1.000,1.000,1.000,0.857,0.857,0.857,0.667,0.667
1497,12951670.953,2,2,393,0,0,0,0,0,0.107,393,379,0.264,0.889,0.889,0.889,0.889,0.889,0.889,0.857,0.667,0.571,0.889,0.889,0.889,0.889,0.889,0.889,0.857,0.667,0.571
1498,12951671.028,2,2,391,0,0,0,0,0,0.092,391,393,0.259,0.889,0.889,0.889,0.889,0.889,0.889,0.857,0.857,0.571,0.889,0.889,0.889,0.889,0.889,0.889,0.857,0.857,0.571
1499,12951671.101,2,2,375,0,0,0,0,0,0.083,375,391,0.326,0.889,0.889,0.889,0.750,0.750,0.750,0.857,0.667,0.667,0.667,0.667,0.667,0.500,0.500,0.500,0.571,0.333,0.333
1500,12951671.173,2,2,396,0,0,0,0,0,0.101,396,375,0.246,0.889,0.889,0.889,0.750,0.750,0.571,0.571,0.571,0.333,0.889,0.889,0.667,0.750,0.750,0.571,0.571,0.571,0.333
1501,12951671.248,2,2,391,0,0,0,0,0,0.092,391,396,0.209,0.727,0.727,0.667,0.667,0.667,0.571,0.571,0.571,0.571,0.545,0.545,0.444,0.444,0.222,0.286,0.286,0.286,0.286
1502,12951671.322,4,4,376,0,0,0,0,0,0.101,376,391,0.144,0.800,0.800,0.889,0.750,0.750,0.750,0.750,0.286,0.500,0.600,0.600,0.667,0.500,0.500,0.500,0.250,0.286,0.250
1503,12951671.395,4,4,392,0,0,0,0,0,0.097,392,376,0.217,0.800,0.800,0.889,0.889,0.750,0.750,0.571,0.571,0.571,0.800,0.800,0.889,0.889,0.750,0.750,0.571,0.571,0.571
1504,12951671.469,2,2,376,0,0,0,0,0,0.090,376,392,0.244,0.800,0.800,0.800,0.667,0.750,0.750,0.750,0.571,0.571,0.800,0.800,0.800,0.667,0.750,0.750,0.750,0.571,0.571
1505,12951671.543,5,5,382,0,0,0,0,0,0.097,382,376,0.215,0.600,0.600,0.600,0.667,0.500,0.571,0.571,0.333,0.333,0.600,0.600,0.600,0.667,0.500,0.571,0.571,0.333,0.333
1506,12951671.615,4,4,381,0,0,0,0,0,0.094,381,382,0.390,0.800,0.800,0.889,0.889,0.889,0.750,0.750,0.667,0.286,0.800,0.800,0.889,0.889,0.889,0.750,0.750,0.667,0.286
1507,12951671.690,2,2,375,0,0,0,0,1,0.096,376,381,0.448,0.889,0.889,0.889,0.889,0.889,0.889,0.750,0.750,0.857,0.889,0.889,0.889,0.889,0.889,0.889,0.750,0.750,0.857
1508,12951671.762,2,2,366,0,0,0,0,0,0.101,366,376,0.390,1.000,1.000,1.000,1.000,1.000,1.000,0.889,1.000,0.857,1.000,1.000,1.000,1.000,1.000,1.000,0.889,1.000,0.857
1509,12951671.835,2,2,369,0,0,0,0,0,0.092,369,366,0.287,0.750,0.750,0.750,0.750,0.750,0.750,0.750,0.571,0.571,0.750,0.750,0.750,0.750,0.750,0.750,0.750,0.571,0.571
1510,12951671.911,5,5,381,0,0,0,0,0,0.108,381,369,0.122,0.889,0.889,0.889,1.000,0.857,0.857,0.571,0.571,0.571,0.667,0.667,0.667,0.750,0.571,0.571,0.571,0.571,0.571
1511,12951671.983,2,6,392,0,0,0,0,0,0.094,392,381,0.405,1.000,1.000,1.000,1.000,0.889,0.750,0.750,0.571,0.571,0.750,0.750,0.750,0.750,0.889,0.750,0.750,0.571,0.571
1512,12951672.056,4,4,378,0,0,0,0,0,0.090,378,392,0.281,0.667,0.667,0.750,0.750,0.750,0.750,0.750,0.571,0.571,0.667,0.667,0.750,0.750,0.750,0.750,0.750,0.571,0.571
1513,12951672.129,5,5,383,0,0,0,0,0,0.089,383,378,0.432,0.800,0.800,0.889,1.000,1.000,0.889,0.750,0.571,0.667,0.800,0.800,0.889,1.000,1.000,0.889,0.750,0.571,0.667
1514,12951672.203,5,5,391,0,0,0,0,0,0.082,391,383,0.797,0.667,0.667,0.667,0.750,0.750,0.750,0.750,0.571,0.571,0.667,0.667,0.667,0.750,0.750,0.750,0.750,0.571,0.571
1515,12951672.277,3,6,383,0,0,0,0,0,0.099,383,391,0.232,0.800,0.889,0.889,0.889,0.750,0.750,0.571,0.571,0.571,0.600,0.667,0.667,0.667,0.750,0.750,0.571,0.571,0.571
1516,12951672.350,5,5,396,0,0,0,0,0,0.119,396,383,0.240,0.800,0.800,0.800,0.889,0.750,0.750,0.750,0.667,0.667,0.600,0.600,0.600,0.667,0.500,0.500,0.500,0.667,0.667
1517,12951672.422,7,7,385,0,0,0,0,0,0.099,385,396,0.243,0.600,0.600,0.600,0.600,0.600,0.667,0.667,0.667,0.667,0.600,0.600,0.600,0.600,0.600,0.667,0.667,0.667,0.667
1518,12951672.496,2,2,382,0,0,0,0,0,0.097,382,385,0.356,0.833,0.833,0.727,0.727,0.667,0.667,0.667,0.500,0.500,0.833,0.833,0.727,0.727,0.667,0.667,0.667,0.500,0.500
1519,12951672.571,2,2,382,0,0,0,0,0,0.107,382,382,0.287,0.833,0.833,0.833,0.800,0.667,0.667,0.500,0.500,0.500,0.833,0.833,0.833,0.800,0.667,0.667,0.500,0.500,0.500
1520,12951672.644,2,2,383,0,0,0,0,1,0.096,384,382,0.194,0.889,0.889,0.889,0.750,0.571,0.571,0.571,0.571,0.571,0.889,0.889,0.889,0.750,0.571,0.571,0.571,0.571,0.571
1521,12951672.715,3,3,382,0,0,0,0,0,0.110,382,384,0.256,0.600,0.667,0.667,0.667,0.500,0.500,0.500,0.500,0.500,0.600,0.667,0.667,0.667,0.500,0.500,0.500,0.500,0.500
1522,12951672.791,6,8,396,0,0,0,0,1,0.116,397,382,0.247,0.500,0.600,0.600,0.600,0.800,0.750,0.667,0.500,0.500,0.500,0.600,0.600,0.600,0.600,0.500,0.667,0.500,0.500
1523,12951672.864,6,6,385,0,0,0,0,1,0.101,386,397,0.602,0.667,0.667,0.667,0.727,0.800,0.667,0.667,0.500,0.500,0.667,0.667,0.667,0.727,0.800,0.667,0.667,0.500,0.500
1524,12951672.937,5,5,385,0,0,0,0,0,0.096,385,386,0.579,0.600,0.600,0.600,0.667,0.500,0.500,0.500,0.500,0.500,0.600,0.600,0.600,0.667,0.500,0.500,0.500,0.500,0.500
1525,12951673.010,2,2,394,0,0,0,0,0,0.109,394,385,0.406,0.800,0.800,0.800,0.800,0.667,0.500,0.500,0.500,0.500,0.800,0.800,0.800,0.800,0.667,0.500,0.500,0.500,0.500
1526,12951673.083,2,2,399,0,0,0,0,0,0.090,399,394,0.507,0.800,0.800,0.800,0.800,0.800,0.667,0.667,0.667,0.500,0.800,0.800,0.800,0.800,0.800,0.667,0.667,0.667,0.500
1527,12951673.157,2,2,382,0,0,0,0,0,0.099,382,399,0.497,0.889,0.889,0.889,0.889,0.889,0.889,0.889,0.750,0.333,0.889,0.889,0.889,0.889,0.889,0.889,0.889,0.750,0.333
1528,12951673.231,4,4,381,0,0,0,0,1,0.089,382,382,0.792,0.800,0.800,0.889,0.889,0.889,0.750,0.750,0.750,0.571,0.800,0.800,0.889,0.889,0.889,0.750,0.750,0.750,0.571
1529,12951673.303,4,4,388,0,0,0,0,1,0.098,389,382,0.897,0.800,0.800,0.889,0.889,0.889,0.571,0.571,0.571,0.571,0.800,0.800,0.889,0.889,0.889,0.571,0.571,0.571,0.571
1530,12951673.375,2,5,374,0,0,0,0,0,0.096,374,389,0.787,0.889,0.889,0.889,0.800,0.667,0.667,0.571,0.571,0.571,0.667,0.667,0.667,0.800,0.667,0.667,0.571,0.571,0.571
1531,12951673.450,2,7,362,0,0,0,0,1,0.088,363,374,0.319,0.889,0.889,0.889,0.667,0.667,0.750,0.750,0.750,0.571,0.667,0.667,0.667,0.667,0.667,0.750,0.750,0.750,0.571
1532,12951673.523,2,2,376,0,0,0,0,0,0.101,376,363,0.645,0.800,0.800,0.800,0.800,0.667,0.750,0.750,0.750,0.750,0.800,0.800,0.800,0.800,0.667,0.750,0.750,0.750,0.750
1533,12951673.595,2,2,382,0,0,0,0,0,0.076,382,376,0.716,0.800,0.800,0.800,0.800,0.750,0.750,0.750,0.571,0.571,0.800,0.800,0.800,0.800,0.750,0.750,0.750,0.571,0.571
1534,12951673.668,2,2,392,0,0,0,0,0,0.097,392,382,0.330,0.889,0.889,0.800,0.800,0.857,0.857,0.750,0.750,0.750,0.889,0.889,0.800,0.800,0.857,0.857,0.750,0.750,0.750
1535,12951673.742,8,8,384,0,0,0,0,0,0.099,384,392,0.813,0.667,0.667,0.667,0.667,0.667,0.571,0.750,0.750,0.750,0.667,0.667,0.667,0.667,0.667,0.571,0.750,0.750,0.750
1536,12951673.815,2,7,393,0,0,0,0,0,0.089,393,384,0.265,0.889,0.889,0.889,0.889,0.889,0.889,0.750,0.571,0.571,0.667,0.667,0.667,0.667,0.667,0.889,0.750,0.571,0.571
1537,12951673.888,4,4,403,0,0,0,0,0,0.104,403,393,0.468,0.889,0.889,1.000,1.000,1.000,1.000,0.857,0.750,0.750,0.667,0.667,0.750,0.750,0.750,0.750,0.571,0.750,0.750
1538,12951673.960,4,4,370,0,0,0,0,0,0.095,370,403,0.712,0.800,0.889,1.000,1.000,1.000,0.857,0.750,0.750,0.750,0.800,0.889,1.000,1.000,1.000,0.857,0.750,0.750,0.750
1539,12951674.034,2,2,378,0,0,0,0,0,0.093,378,370,0.443,0.889,0.889,0.889,0.889,0.889,0.750,0.750,0.857,0.857,0.889,0.889,0.889,0.889,0.889,0.750,0.750,0.857,0.857
1540,12951674.109,4,4,393,0,0,0,0,1,0.112,394,378,0.531,0.889,0.889,1.000,1.000,0.857,0.750,0.750,0.750,0.750,0.667,0.667,0.750,0.750,0.571,0.750,0.750,0.750,0.750
1541,12951674.180,2,2,374,0,0,0,0,0,0.075,374,394,0.733,1.000,1.000,1.000,0.857,0.750,0.750,0.750,0.750,0.750,0.750,0.750,0.750,0.571,0.750,0.750,0.750,0.750,0.750
1542,12951674.328,2,2,372,0,0,0,0,0,0.075,372,374,0.262,0.889,0.889,0.889,0.750,0.750,0.750,0.571,0.571,0.333,0.889,0.889,0.889,0.750,0.750,0.750,0.571,0.571,0.333
1543,12951674.402,2,2,372,0,0,0,0,0,0.081,372,372,0.549,1.000,1.000,1.000,0.857,0.857,0.857,0.857,0.857,0.571,0.750,0.750,0.750,0.571,0.571,0.571,0.571,0.571,0.286
1544,12951674.474,2,2,358,0,0,0,0,0,0.081,358,372,0.426,0.667,0.667,0.667,0.667,0.667,0.667,0.667,0.667,0.667,0.667,0.667,0.667,0.667,0.667,0.667,0.667,0.667,0.667
1545,12951674.546,2,2,360,0,0,0,0,0,0.069,360,358,0.399,1.000,1.000,0.857,0.857,0.857,0.571,0.667,0.667,0.667,0.750,0.750,0.571,0.571,0.571,0.571,0.667,0.667,0.667
1546,12951674.618,2,2,376,0,0,0,0,0,0.101,376,360,0.374,1.000,1.000,1.000,0.857,0.857,0.857,0.857,0.857,0.857,1.000,1.000,1.000,0.857,0.857,0.857,0.857,0.857,0.857
1547,12951674.693,2,2,367,0,0,0,0,0,0.101,367,376,0.584,0.857,0.857,0.857,0.857,0.857,0.857,0.857,0.857,0.857,0.571,0.571,0.571,0.571,0.571,0.571,0.571,0.571,0.571
1548,12951674.767,3,3,372,0,0,0,0,0,0.094,372,367,0.433,0.800,0.889,0.750,0.750,0.750,0.750,0.750,0.750,0.750,0.800,0.889,0.750,0.750,0.750,0.750,0.750,0.750,0.750
1549,12951674.839,2,2,376,0,0,0,0,0,0.096,376,372,0.363,0.889,0.889,0.889,0.750,0.750,0.750,0.750,0.750,0.750,0.889,0.889,0.889,0.750,0.750,0.750,0.750,0.750,0.750
1550,12951674.911,10,10,361,0,0,0,0,0,0.086,361,376,0.246,0.750,0.750,0.750,0.750,0.750,0.750,0.750,0.750,0.857,0.750,0.750,0.750,0.750,0.750,0.750,0.750,0.750,0.857
1551,12951674.986,2,2,368,0,0,0,0,0,0.090,368,361,0.298,1.000,1.000,0.857,0.857,0.857,0.857,0.857,0.857,0.857,0.750,0.750,0.571,0.571,0.571,0.571,0.571,0.571,0.571
1552,12951675.059,4,4,365,0,0,0,0,0,0.085,365,368,0.307,0.500,0.500,0.571,0.571,0.571,0.571,0.571,0.571,0.571,0.500,0.500,0.571,0.571,0.571,0.571,0.571,0.571,0.571
1553,12951675.132,2,2,372,0,0,0,0,0,0.075,372,365,0.403,1.000,1.000,0.857,0.857,0.857,0.857,0.857,0.667,0.667,0.750,0.750,0.571,0.571,0.571,0.571,0.571,0.667,0.667
1554,12951675.205,4,7,374,0,0,0,0,0,0.091,374,372,0.350,0.750,0.750,0.857,0.857,0.857,0.857,0.750,0.750,0.750,0.500,0.500,0.571,0.571,0.571,0.857,0.750,0.750,0.750
1555,12951675.279,2,2,389,0,0,0,0,0,0.093,389,374,0.292,1.000,1.000,0.857,0.857,0.857,0.857,0.857,0.857,0.857,1.000,1.000,0.857,0.857,0.857,0.857,0.857,0.857,0.857
1556,12951675.353,2,2,373,0,0,0,0,0,0.091,373,389,0.342,1.000,1.000,1.000,1.000,0.857,0.857,0.857,0.857,0.857,1.000,1.000,1.000,1.000,0.857,0.857,0.857,0.857,0.857
1557,12951675.427,2,2,386,0,0,0,0,0,0.101,386,373,0.555,1.000,1.000,1.000,1.000,0.857,0.857,0.857,0.857,0.857,1.000,1.000,1.000,1.000,0.857,0.857,0.857,0.857,0.857
1558,12951675.499,4,4,385,0,0,0,0,0,0.075,385,386,0.541,0.800,0.800,0.889,0.750,0.750,0.750,0.750,0.750,0.750,0.800,0.800,0.889,0.750,0.750,0.750,0.750,0.750,0.750
1559,12951675.573,2,2,383,0,0,0,0,0,0.078,383,385,0.436,1.000,1.000,1.000,0.857,0.857,0.857,0.857,0.857,0.857,1.000,1.000,1.000,0.857,0.857,0.857,0.857,0.857,0.857
1560,12951675.648,2,2,382,0,0,0,0,0,0.092,382,383,0.418,1.000,1.000,1.000,1.000,0.857,0.857,0.857,0.857,0.857,1.000,1.000,1.000,1.000,0.857,0.857,0.857,0.857,0.857
1561,12951675.720,2,2,391,0,0,0,0,1,0.107,392,382,0.484,1.000,1.000,1.000,1.000,0.857,0.857,0.857,0.857,0.857,1.000,1.000,1.000,1.000,0.857,0.857,0.857,0.857,0.857
1562,12951675.793,2,5,382,0,0,0,0,0,0.105,382,392,0.316,0.889,0.889,0.889,0.750,0.750,0.750,0.750,0.750,0.667,0.667,0.667,0.667,0.750,0.750,0.750,0.750,0.750,0.667
1563,12951675.868,2,2,380,0,0,0,0,0,0.082,380,382,0.408,1.000,1.000,1.000,1.000,0.857,0.857,0.857,0.857,0.857,0.750,0.750,0.750,0.750,0.571,0.571,0.571,0.571,0.571
1564,12951675.942,2,10,394,0,0,0,0,0,0.102,394,380,0.418,1.000,1.000,1.000,1.000,0.857,0.857,0.857,0.857,0.857,0.750,0.750,0.750,0.750,0.571,0.571,0.571,0.571,0.857
1565,12951676.013,3,3,382,0,0,0,0,0,0.086,382,394,0.639,0.800,0.889,0.889,0.889,0.750,0.750,0.750,0.750,0.571,0.800,0.889,0.889,0.889,0.750,0.750,0.750,0.500,0.571
1566,12951676.087,4,4,389,0,0,0,0,0,0.072,389,382,0.435,0.889,0.889,1.000,1.000,1.000,0.857,0.857,0.857,0.857,0.667,0.667,0.750,0.750,0.750,0.571,0.571,0.571,0.571
1567,12951676.162,3,3,381,0,0,0,0,0,0.071,381,389,0.292,0.889,1.000,1.000,1.000,1.000,1.000,0.857,0.857,0.857,0.667,0.750,0.750,0.750,0.750,0.750,0.571,0.571,0.571
1568,12951676.236,2,2,391,0,0,0,0,0,0.084,391,381,0.385,1.000,1.000,1.000,1.000,1.000,0.857,0.857,0.857,0.667,0.750,0.750,0.750,0.750,0.750,0.571,0.571,0.571,0.667
1569,12951676.310,2,2,394,0,0,0,0,0,0.091,394,391,0.212,1.000,1.000,1.000,0.857,0.857,0.857,0.857,0.857,0.857,0.750,0.750,0.750,0.571,0.571,0.571,0.571,0.571,0.571
1570,12951676.380,4,4,403,0,0,0,0,0,0.087,403,394,0.456,0.800,0.800,1.000,0.857,0.857,0.857,0.857,0.857,0.857,0.800,0.800,1.000,0.857,0.857,0.857,0.857,0.857,0.857
1571,12951676.453,2,9,345,0,0,0,0,0,0.090,345,403,0.502,1.000,1.000,1.000,1.000,1.000,0.857,0.857,0.857,0.857,0.750,0.750,0.750,0.750,0.750,0.571,0.571,0.857,0.857
1572,12951676.529,2,9,395,0,0,0,0,0,0.081,395,345,0.371,1.000,1.000,1.000,1.000,1.000,1.000,1.000,0.857,0.857,0.750,0.750,0.750,0.750,0.750,0.750,0.750,0.857,0.857
1573,12951676.602,2,2,382,0,0,0,0,0,0.086,382,395,0.450,1.000,1.000,1.000,1.000,1.000,1.000,0.857,0.857,0.667,1.000,1.000,1.000,1.000,1.000,1.000,0.857,0.857,0.667
1574,12951676.674,2,6,372,0,0,0,0,0,0.075,372,382,0.328,1.000,1.000,1.000,1.000,1.000,0.857,0.857,0.857,0.857,0.750,0.750,0.750,0.750,1.000,0.857,0.857,0.857,0.857
1575,12951676.747,2,2,381,0,0,0,0,0,0.071,381,372,0.399,0.889,0.889,0.889,0.889,0.750,0.857,0.857,0.667,0.667,0.889,0.889,0.889,0.889,0.750,0.857,0.857,0.667,0.667
1576,12951676.821,2,2,390,0,0,0,0,0,0.074,390,381,0.339,1.000,1.000,1.000,0.857,0.857,0.857,0.857,0.667,0.333,1.000,1.000,1.000,0.857,0.857,0.857,0.857,0.667,0.333
1577,12951676.895,4,4,392,0,0,0,0,0,0.079,392,390,0.682,0.889,0.889,1.000,1.000,0.857,0.857,0.857,0.857,0.857,0.889,0.889,1.000,1.000,0.857,0.857,0.857,0.857,0.857
1578,12951676.969,2,2,389,0,0,0,0,0,0.067,389,392,0.514,0.857,0.857,0.857,0.857,0.857,0.857,0.857,0.857,0.857,0.857,0.857,0.857,0.857,0.857,0.857,0.857,0.857,0.857
1579,12951677.041,2,2,378,0,0,0,0,0,0.056,378,389,0.304,1.000,1.000,1.000,0.857,0.857,0.857,0.857,0.857,0.857,1.000,1.000,1.000,0.857,0.857,0.857,0.857,0.857,0.857
1580,12951677.115,2,2,394,0,0,0,0,0,0.069,394,378,0.466,0.889,0.889,0.889,0.889,0.889,0.857,0.857,0.857,0.667,0.889,0.889,0.889,0.889,0.889,0.571,0.571,0.571,0.667
1581,12951677.189,2,2,389,0,0,0,0,0,0.059,389,394,0.497,0.857,0.857,0.857,0.857,0.750,0.750,0.750,0.857,0.667,0.857,0.857,0.857,0.857,0.750,0.750,0.750,0.571,0.667
1582,12951677.262,2,2,379,0,0,0,0,0,0.066,379,389,0.158,0.857,0.857,0.667,0.571,0.571,0.667,0.667,0.667,0.667,0.857,0.857,0.667,0.571,0.571,0.667,0.667,0.667,0.667
1583,12951677.335,2,2,374,0,0,0,0,0,0.051,374,379,0.200,1.000,1.000,1.000,1.000,1.000,1.000,1.000,1.000,1.000,1.000,1.000,1.000,1.000,1.000,1.000,1.000,1.000,1.000
1584,12951677.410,2,2,372,0,0,0,0,0,0.083,372,374,0.575,1.000,0.857,0.857,0.857,0.857,0.857,0.857,0.857,0.857,1.000,0.857,0.857,0.857,0.857,0.857,0.857,0.857,0.857
1585,12951677.483,2,2,370,0,0,0,0,0,0.068,370,372,0.302,1.000,1.000,1.000,0.857,0.857,0.857,0.857,0.857,0.857,1.000,1.000,1.000,0.857,0.857,0.857,0.857,0.857,0.857
1586,12951677.556,2,2,371,0,0,0,0,0,0.070,371,370,0.182,0.857,0.857,0.857,0.667,0.667,0.667,0.667,0.667,0.667,0.857,0.857,0.857,0.667,0.667,0.667,0.667,0.667,0.667
1587,12951677.629,2,2,376,0,0,0,0,0,0.061,376,371,0.210,0.667,0.667,0.667,0.667,0.667,0.667,0.667,0.667,0.667,0.667,0.667,0.667,0.667,0.667,0.667,0.667,0.667,0.667
1588,12951677.704,2,2,380,0,0,0,0,0,0.074,380,376,0.258,1.000,1.000,1.000,0.857,0.857,0.857,0.857,0.857,0.857,1.000,1.000,1.000,0.857,0.857,0.857,0.857,0.857,0.857
1589,12951677.777,2,2,377,0,0,0,0,0,0.066,377,380,0.278,1.000,1.000,1.000,1.000,1.000,1.000,0.857,0.857,0.857,1.000,1.000,1.000,1.000,1.000,1.000,0.857,0.857,0.857
1590,12951677.851,2,2,370,0,0,0,0,0,0.051,370,377,0.333,1.000,1.000,1.000,1.000,1.000,0.857,0.857,0.857,0.667,1.000,1.000,1.000,1.000,1.000,0.857,0.857,0.857,0.667
1591,12951677.922,2,2,379,0,0,0,0,0,0.090,379,370,0.204,0.857,0.857,0.857,0.667,0.667,0.667,0.667,0.667,0.667,0.857,0.857,0.857,0.667,0.667,0.667,0.667,0.667,0.667
1592,12951677.996,4,4,390,0,0,0,0,0,0.074,390,379,0.244,0.889,0.889,1.000,0.857,0.857,0.857,0.857,0.857,0.857,0.889,0.889,1.000,0.857,0.857,0.857,0.857,0.857,0.857
1593,12951678.070,4,4,397,0,0,0,0,0,0.083,397,390,0.280,0.800,0.889,1.000,0.857,0.857,0.857,0.857,0.857,0.857,0.800,0.889,1.000,0.857,0.857,0.857,0.857,0.857,0.857
1594,12951678.144,5,5,388,0,0,0,0,0,0.067,388,397,0.278,0.857,0.857,0.857,1.000,1.000,0.857,0.857,1.000,1.000,0.857,0.857,0.857,1.000,1.000,0.857,0.857,1.000,1.000
1595,12951678.215,6,6,388,0,0,0,0,0,0.067,388,388,0.164,0.571,0.571,0.571,0.571,0.667,0.667,0.667,0.667,0.667,0.571,0.571,0.571,0.571,0.667,0.667,0.667,0.667,0.667
1596,12951678.287,2,2,391,0,0,0,0,0,0.079,391,388,0.212,0.750,0.750,0.571,0.667,0.667,0.667,0.667,0.667,0.667,0.750,0.750,0.571,0.667,0.667,0.667,0.667,0.667,0.667
1597,12951678.362,2,2,391,0,0,0,0,0,0.046,391,391,0.135,0.750,0.750,0.750,0.571,0.571,0.571,0.667,0.400,0.400,0.750,0.750,0.750,0.571,0.571,0.571,0.667,0.400,0.400
1598,12951678.435,2,2,387,0,0,0,0,0,0.075,387,391,0.136,0.750,0.750,0.750,0.571,0.667,0.667,0.571,0.400,0.400,0.750,0.750,0.750,0.571,0.667,0.667,0.571,0.400,0.400
1599,12951678.509,5,5,382,0,0,0,0,0,0.065,382,387,0.236,0.750,0.750,0.750,0.857,0.667,0.667,0.400,0.400,0.667,0.750,0.750,0.750,0.857,0.667,0.667,0.400,0.400,0.667
1600,12951678.580,2,2,371,0,0,0,0,0,0.051,371,382,0.127,0.857,0.857,0.857,0.857,0.667,0.667,0.400,0.400,0.400,0.857,0.857,0.857,0.857,0.667,0.667,0.400,0.400,0.400
1601,12951678.654,2,2,363,0,0,0,0,0,0.061,363,371,0.150,0.857,0.857,0.857,0.857,0.667,0.571,0.667,0.400,0.400,0.857,0.857,0.857,0.857,0.667,0.571,0.667,0.400,0.400
1602,12951678.729,2,2,361,0,0,0,0,0,0.053,361,363,0.127,0.750,0.750,0.750,0.750,0.571,0.571,0.571,0.667,0.400,0.750,0.750,0.750,0.750,0.571,0.571,0.571,0.667,0.400
1603,12951678.802,2,2,368,0,0,0,0,0,0.068,368,361,0.053,0.857,0.857,0.857,0.667,0.667,0.667,0.667,0.667,0.667,0.857,0.857,0.857,0.667,0.667,0.667,0.667,0.667,0.667
1604,12951678.874,2,2,359,0,0,0,0,0,0.061,359,368,0.127,0.857,0.857,0.857,0.857,0.667,0.667,0.667,0.667,0.667,0.857,0.857,0.857,0.857,0.667,0.667,0.667,0.667,0.667
1605,12951678.948,2,2,353,0,0,0,0,0,0.057,353,359,0.035,0.750,0.750,0.750,0.750,0.571,0.667,0.667,0.400,0.400,0.750,0.750,0.750,0.750,0.571,0.333,0.333,0.400,0.400
1606,12951679.094,4,4,370,0,0,0,0,0,0.049,370,353,0.103,0.667,0.667,0.750,0.571,0.571,0.333,0.333,0.333,0.333,0.667,0.667,0.750,0.571,0.571,0.333,0.333,0.333,0.333
1607,12951679.168,2,2,366,0,0,0,0,0,0.041,366,370,0.074,0.750,0.750,0.750,0.571,0.571,0.571,0.333,0.333,0.333,0.750,0.750,0.750,0.571,0.571,0.571,0.333,0.333,0.333
1608,12951679.242,2,2,343,0,0,0,0,0,0.041,343,366,0.094,0.857,0.857,0.857,0.667,0.667,0.400,0.000,0.000,0.000,0.857,0.857,0.857,0.667,0.667,0.400,0.000,0.000,0.000
1609,12951679.315,2,2,347,0,0,0,0,0,0.037,347,343,0.242,0.667,0.667,0.667,0.667,0.667,0.400,0.400,0.000,0.000,0.667,0.667,0.667,0.667,0.667,0.400,0.400,0.000,0.000
1610,12951679.390,2,2,364,0,0,0,0,0,0.052,364,347,0.124,0.800,0.800,0.800,0.800,0.800,0.800,0.800,0.500,0.500,0.800,0.800,0.800,0.800,0.800,0.800,0.800,0.500,0.500
1611,12951679.462,2,2,365,0,0,0,0,0,0.049,365,364,0.253,0.857,0.857,0.857,0.857,0.857,0.857,0.857,0.667,0.667,0.857,0.857,0.857,0.857,0.857,0.857,0.857,0.667,0.667
1612,12951679.537,2,2,368,0,0,0,0,0,0.052,368,365,0.207,0.667,0.667,0.667,0.667,0.667,0.667,0.667,0.400,0.400,0.667,0.667,0.667,0.667,0.667,0.667,0.667,0.400,0.400
1613,12951679.611,2,2,367,0,0,0,0,0,0.049,367,368,0.067,0.800,0.800,0.800,0.800,0.800,0.667,0.500,0.500,0.500,0.800,0.800,0.800,0.800,0.800,0.667,0.500,0.500,0.500
1614,12951679.684,6,6,358,0,0,0,0,0,0.056,358,367,0.126,0.500,0.500,0.500,0.500,0.571,0.571,0.333,0.333,0.333,0.500,0.500,0.500,0.500,0.571,0.571,0.333,0.333,0.333
1615,12951679.757,2,2,381,0,0,0,0,0,0.060,381,358,0.161,0.667,0.667,0.667,0.667,0.667,0.667,0.667,0.667,0.400,0.667,0.667,0.667,0.667,0.667,0.667,0.667,0.667,0.400
1616,12951679.833,2,2,369,0,0,0,0,0,0.051,369,381,0.245,0.750,0.571,0.571,0.571,0.571,0.571,0.571,0.571,0.333,0.750,0.571,0.571,0.571,0.571,0.571,0.571,0.571,0.333
1617,12951679.907,3,3,387,0,0,0,0,0,0.059,387,369,0.155,0.800,0.889,0.750,0.571,0.571,0.571,0.571,0.571,0.333,0.800,0.889,0.750,0.571,0.571,0.571,0.571,0.571,0.333
1618,12951679.980,3,3,367,0,0,0,0,0,0.063,367,387,0.184,0.667,0.750,0.750,0.571,0.571,0.571,0.571,0.571,0.333,0.667,0.750,0.750,0.571,0.571,0.571,0.571,0.571,0.333
1619,12951680.053,2,2,367,0,0,0,0,0,0.063,367,367,0.139,0.667,0.667,0.667,0.667,0.667,0.667,0.667,0.667,0.333,0.667,0.667,0.667,0.667,0.667,0.667,0.667,0.667,0.333
1620,12951680.126,2,2,387,0,0,0,0,0,0.067,387,367,0.334,1.000,1.000,1.000,1.000,1.000,1.000,1.000,1.000,1.000,1.000,1.000,1.000,1.000,1.000,1.000,1.000,1.000,1.000
1621,12951680.201,2,2,375,0,0,0,0,0,0.067,375,387,0.461,1.000,0.889,0.750,0.750,0.750,0.750,0.750,0.750,0.750,1.000,0.889,0.750,0.750,0.750,0.750,0.750,0.750,0.750
1622,12951680.276,2,2,368,0,0,0,0,0,0.046,368,375,0.330,1.000,1.000,1.000,1.000,0.857,0.857,0.857,0.857,0.667,1.000,1.000,1.000,1.000,0.857,0.857,0.857,0.857,0.667
1623,12951680.349,2,2,377,0,0,0,0,0,0.064,377,368,0.303,0.889,0.889,0.889,0.750,0.750,0.571,0.571,0.571,0.571,0.889,0.889,0.889,0.750,0.750,0.571,0.571,0.571,0.571
1624,12951680.421,2,2,382,0,0,0,0,0,0.052,382,377,0.529,0.889,0.889,0.889,0.750,0.750,0.571,0.571,0.571,0.571,0.889,0.889,0.889,0.750,0.750,0.571,0.571,0.571,0.571
1625,12951680.497,2,2,385,0,0,0,0,0,0.055,385,382,0.413,0.889,0.889,0.889,0.750,0.750,0.857,0.857,0.400,0.400,0.889,0.889,0.889,0.750,0.750,0.857,0.857,0.400,0.400
1626,12951680.570,8,8,389,0,0,0,0,0,0.057,389,385,0.824,0.667,0.667,0.667,0.667,0.667,0.667,0.750,0.750,0.000,0.667,0.667,0.667,0.667,0.667,0.667,0.750,0.500,0.000
1627,12951680.643,2,2,370,0,0,0,0,0,0.068,370,389,0.514,0.750,0.750,0.750,0.750,0.750,0.750,0.750,0.750,0.571,0.750,0.750,0.750,0.750,0.750,0.750,0.750,0.750,0.571
1628,12951680.718,2,2,368,0,0,0,0,0,0.062,368,370,0.612,0.857,0.857,0.857,0.857,0.857,0.857,0.857,0.857,0.857,0.857,0.857,0.857,0.857,0.857,0.857,0.857,0.857,0.857
1629,12951680.791,7,2,376,0,0,0,0,1,0.061,377,368,0.583,0.667,0.667,0.667,0.667,0.667,0.750,0.750,0.571,0.333,0.667,0.667,0.667,0.667,0.444,0.500,0.500,0.571,0.333
1630,12951680.864,2,2,361,0,0,0,0,0,0.058,361,377,0.574,0.889,0.889,0.750,0.750,0.667,0.571,0.571,0.333,0.333,0.889,0.889,0.750,0.750,0.667,0.571,0.571,0.333,0.333
1631,12951680.938,2,2,393,0,0,0,0,0,0.051,393,361,0.591,0.750,0.750,0.750,0.750,0.750,0.750,0.750,0.571,0.333,0.750,0.750,0.750,0.750,0.750,0.750,0.750,0.571,0.333
1632,12951681.012,4,4,383,0,0,0,0,0,0.060,383,393,0.429,0.667,0.667,0.750,0.750,0.750,0.750,0.750,0.571,0.571,0.667,0.667,0.750,0.750,0.750,0.750,0.750,0.571,0.286
1633,12951681.086,2,2,367,0,0,0,0,0,0.049,367,383,0.465,0.750,0.750,0.750,0.750,0.750,0.750,0.571,0.571,0.333,0.750,0.750,0.750,0.750,0.750,0.750,0.571,0.571,0.333
1634,12951681.160,2,2,372,0,0,0,0,0,0.048,372,367,0.628,0.750,0.750,0.750,0.750,0.750,0.750,0.571,0.333,0.333,0.750,0.750,0.750,0.750,0.750,0.750,0.571,0.333,0.333
1635,12951681.233,2,2,373,0,0,0,0,0,0.051,373,372,0.605,0.750,0.750,0.750,0.750,0.750,0.750,0.750,0.571,0.571,0.750,0.750,0.750,0.750,0.750,0.750,0.750,0.571,0.571
1636,12951681.305,2,2,388,0,0,0,0,0,0.041,388,373,0.489,0.857,0.857,0.857,0.857,0.857,0.857,0.667,0.667,0.667,0.857,0.857,0.857,0.857,0.857,0.857,0.667,0.667,0.333
1637,12951681.380,2,2,364,0,0,0,0,0,0.044,364,388,0.815,0.750,0.750,0.750,0.750,0.750,0.750,0.750,0.571,0.333,0.750,0.750,0.750,0.750,0.750,0.750,0.750,0.571,0.333
1638,12951681.454,2,2,375,0,0,0,0,0,0.048,375,364,0.703,0.750,0.750,0.750,0.750,0.750,0.750,0.571,0.571,0.333,0.750,0.750,0.750,0.750,0.750,0.750,0.571,0.571,0.333
1639,12951681.526,2,2,368,0,0,0,0,1,0.051,369,375,0.403,0.750,0.750,0.750,0.750,0.750,0.750,0.571,0.571,0.571,0.750,0.750,0.750,0.750,0.750,0.750,0.571,0.571,0.571
1640,12951681.599,2,2,361,0,0,0,0,0,0.047,361,369,0.478,1.000,1.000,1.000,1.000,1.000,1.000,1.000,0.800,0.500,1.000,1.000,1.000,1.000,1.000,1.000,1.000,0.800,0.500
1641,12951681.672,2,2,371,0,0,0,0,0,0.059,371,361,0.801,1.000,1.000,1.000,1.000,1.000,1.000,0.800,0.800,0.800,1.000,1.000,1.000,1.000,1.000,1.000,0.800,0.800,0.800
1642,12951681.746,2,2,364,0,0,0,0,0,0.044,364,371,0.583,1.000,1.000,1.000,1.000,1.000,1.000,0.800,0.500,0.500,1.000,1.000,1.000,1.000,1.000,1.000,0.800,0.500,0.500
1643,12951681.819,2,2,359,0,0,0,0,0,0.047,359,364,0.490,1.000,1.000,1.000,1.000,1.000,0.800,0.800,0.500,0.500,1.000,1.000,1.000,1.000,1.000,0.800,0.800,0.500,0.500
1644,12951681.891,2,2,362,0,0,0,0,0,0.058,362,359,0.687,1.000,1.000,1.000,1.000,1.000,1.000,0.800,0.800,0.800,1.000,1.000,1.000,1.000,1.000,1.000,0.800,0.800,0.800
1645,12951681.965,2,2,370,0,0,0,0,0,0.057,370,362,0.651,1.000,1.000,1.000,1.000,1.000,1.000,1.000,0.800,0.800,1.000,1.000,1.000,1.000,1.000,1.000,1.000,0.800,0.800
1646,12951682.040,2,2,373,0,0,0,0,0,0.043,373,370,0.438,1.000,1.000,1.000,1.000,1.000,1.000,1.000,1.000,1.000,1.000,1.000,1.000,1.000,1.000,1.000,1.000,1.000,1.000
1647,12951682.113,2,2,372,0,0,0,0,0,0.054,372,373,0.596,1.000,1.000,1.000,1.000,1.000,1.000,1.000,1.000,0.500,1.000,1.000,1.000,1.000,1.000,1.000,1.000,1.000,0.500
1648,12951682.185,2,2,373,0,0,0,0,0,0.051,373,372,0.910,1.000,1.000,1.000,1.000,1.000,1.000,0.800,0.800,0.800,1.000,1.000,1.000,1.000,1.000,1.000,0.800,0.800,0.800
1649,12951682.258,2,2,367,0,0,0,0,0,0.057,367,373,0.608,1.000,1.000,1.000,1.000,0.800,0.800,0.800,0.800,0.800,1.000,1.000,1.000,1.000,0.800,0.800,0.800,0.800,0.800
1650,12951682.332,3,3,356,0,0,0,0,0,0.059,356,367,0.401,0.750,0.857,0.857,0.857,0.667,0.800,0.800,0.800,0.500,0.750,0.857,0.857,0.857,0.667,0.800,0.800,0.800,0.500
1651,12951682.406,3,3,361,0,0,0,0,0,0.061,361,356,0.627,0.857,1.000,1.000,1.000,1.000,0.800,0.800,0.800,0.500,0.857,1.000,1.000,1.000,1.000,0.800,0.800,0.800,0.500
1652,12951682.479,5,5,364,0,0,0,0,0,0.049,364,361,0.711,0.857,0.857,0.857,1.000,1.000,1.000,0.800,0.800,0.800,0.857,0.857,0.857,1.000,1.000,1.000,0.800,0.800,0.800
1653,12951682.553,5,5,356,0,0,0,0,0,0.051,356,364,0.663,0.667,0.667,0.667,0.800,0.800,0.800,0.800,0.800,0.800,0.667,0.667,0.667,0.800,0.800,0.800,0.800,0.800,0.800
1654,12951682.627,2,2,363,0,0,0,0,0,0.052,363,356,0.884,0.857,0.857,0.667,0.667,0.800,0.800,0.800,0.800,0.800,0.857,0.857,0.667,0.667,0.800,0.800,0.800,0.800,0.800
1655,12951682.701,2,2,370,0,0,0,0,0,0.057,370,363,0.519,1.000,1.000,1.000,1.000,0.800,0.800,0.800,0.800,0.800,1.000,1.000,1.000,1.000,0.800,0.800,0.800,0.800,0.800
1656,12951682.774,2,2,366,0,0,0,0,0,0.055,366,370,0.793,0.857,0.857,0.857,0.857,0.800,0.800,0.800,0.800,0.800,0.857,0.857,0.857,0.857,0.800,0.800,0.800,0.800,0.800
1657,12951682.847,2,2,366,0,0,0,0,0,0.060,366,366,0.616,1.000,1.000,1.000,1.000,0.800,0.800,0.800,0.800,0.800,1.000,1.000,1.000,1.000,0.800,0.800,0.800,0.800,0.800
1658,12951682.923,2,2,368,0,0,0,0,0,0.046,368,366,0.650,1.000,1.000,1.000,1.000,1.000,1.000,0.800,0.800,0.800,1.000,1.000,1.000,1.000,1.000,1.000,0.800,0.800,0.800
1659,12951682.995,2,2,377,0,0,0,0,0,0.064,377,368,0.442,1.000,1.000,1.000,1.000,1.000,1.000,0.800,0.800,0.800,1.000,1.000,1.000,1.000,1.000,1.000,0.800,0.800,0.800
1660,12951683.067,4,4,367,0,0,0,0,0,0.046,367,377,0.804,0.857,0.857,1.000,1.000,0.800,0.800,0.800,0.800,0.800,0.857,0.857,1.000,1.000,0.800,0.800,0.800,0.800,0.400
1661,12951683.141,4,4,377,0,0,0,0,0,0.064,377,367,0.754,0.857,0.857,1.000,1.000,0.667,0.667,0.800,0.800,0.800,0.857,0.857,1.000,1.000,0.667,0.667,0.800,0.800,0.800
1662,12951683.215,2,2,369,0,0,0,0,0,0.065,369,377,0.625,1.000,1.000,1.000,1.000,0.800,0.800,0.800,0.800,0.800,1.000,1.000,1.000,1.000,0.800,0.800,0.800,0.800,0.800
1663,12951683.288,6,6,373,0,0,0,0,0,0.054,373,369,0.679,0.571,0.571,0.667,0.667,0.800,0.800,0.800,0.800,0.800,0.571,0.571,0.667,0.667,0.800,0.800,0.800,0.800,0.800
1664,12951683.360,2,2,367,0,0,0,0,0,0.063,367,373,0.059,0.667,0.667,0.571,0.667,0.667,0.667,0.667,0.667,0.667,0.667,0.667,0.571,0.667,0.667,0.667,0.667,0.667,0.667
1665,12951683.432,2,2,368,0,0,0,0,0,0.073,368,367,0.508,0.857,0.857,0.857,0.571,0.571,0.800,0.800,0.800,0.500,0.857,0.857,0.857,0.571,0.571,0.800,0.800,0.800,0.500
1666,12951683.506,2,2,380,0,0,0,0,0,0.071,380,368,0.187,0.857,0.857,0.857,0.857,0.857,0.667,0.667,0.667,0.667,0.857,0.857,0.857,0.857,0.857,0.667,0.667,0.667,0.667
1667,12951683.580,2,2,362,0,0,0,0,0,0.058,362,380,0.930,0.800,0.800,0.800,0.800,0.800,0.800,0.800,0.800,0.500,0.800,0.800,0.800,0.800,0.800,0.800,0.800,0.800,0.500
1668,12951683.652,2,2,366,0,0,0,0,0,0.060,366,362,0.777,0.667,0.500,0.667,0.667,0.667,0.667,0.667,0.667,0.667,0.667,0.500,0.667,0.667,0.667,0.667,0.667,0.667,0.667
1669,12951683.723,6,6,367,0,0,0,0,0,0.090,367,366,0.827,0.750,0.750,0.750,0.750,0.857,0.857,0.857,0.667,0.667,0.750,0.750,0.750,0.750,0.857,0.857,0.571,0.333,0.333
1670,12951683.798,7,7,373,0,0,0,0,0,0.080,373,367,0.807,0.600,0.750,0.750,0.750,0.750,0.857,0.750,0.571,0.667,0.600,0.750,0.750,0.750,0.750,0.857,0.750,0.571,0.333
1671,12951683.872,2,2,369,0,0,0,0,0,0.068,369,373,0.765,0.889,0.889,0.750,0.571,0.571,0.500,0.500,0.333,0.333,0.889,0.889,0.750,0.571,0.571,0.500,0.500,0.333,0.333
1672,12951683.944,3,3,364,0,0,0,0,0,0.066,364,369,0.329,0.727,0.800,0.800,0.667,0.750,0.750,0.571,0.333,0.400,0.727,0.800,0.800,0.667,0.750,0.750,0.286,0.333,0.400
1673,12951684.017,2,2,341,0,0,0,0,1,0.064,342,364,0.569,0.889,0.889,0.889,0.750,0.571,0.400,0.400,0.400,0.400,0.889,0.889,0.889,0.750,0.571,0.400,0.400,0.400,0.400
1674,12951684.091,3,3,368,0,0,0,0,0,0.065,368,342,0.598,0.667,0.750,0.750,0.667,0.667,0.667,0.400,0.400,0.500,0.667,0.750,0.750,0.667,0.667,0.667,0.400,0.400,0.500
1675,12951684.165,2,2,356,0,0,0,0,0,0.065,356,368,0.769,0.800,0.800,0.800,0.800,0.800,0.800,0.667,0.800,0.667,0.800,0.800,0.800,0.800,0.800,0.800,0.667,0.800,0.667
1676,12951684.239,8,8,362,0,0,0,0,0,0.069,362,356,0.650,0.571,0.571,0.571,0.571,0.571,0.571,0.667,0.667,0.667,0.571,0.571,0.571,0.571,0.571,0.571,0.667,0.667,0.667
1677,12951684.386,2,2,372,0,0,0,0,0,0.075,372,362,0.885,0.857,0.857,0.857,0.667,0.667,0.800,0.800,0.800,0.667,0.857,0.857,0.857,0.667,0.667,0.800,0.800,0.800,0.667
1678,12951684.460,2,2,384,0,0,0,0,0,0.068,384,372,0.776,0.857,0.857,0.857,0.857,0.667,0.667,0.800,0.800,0.500,0.857,0.857,0.857,0.857,0.667,0.667,0.400,0.400,0.500
1679,12951684.533,2,2,366,0,0,0,0,0,0.049,366,384,0.630,0.571,0.571,0.571,0.571,0.571,0.400,0.500,0.500,0.500,0.571,0.571,0.571,0.571,0.571,0.400,0.500,0.500,0.500
1680,12951684.605,2,2,377,0,0,0,0,0,0.042,377,366,0.615,1.000,1.000,0.800,0.800,0.800,0.800,0.800,0.800,0.500,1.000,1.000,0.800,0.800,0.800,0.800,0.800,0.800,0.500
1681,12951684.681,2,2,392,0,0,0,0,0,0.041,392,377,0.853,1.000,1.000,0.800,0.800,0.500,0.500,0.500,0.500,0.500,1.000,1.000,0.800,0.800,0.500,0.500,0.500,0.500,0.500
1682,12951684.755,2,2,394,0,0,0,0,0,0.058,394,392,0.863,1.000,1.000,1.000,0.800,0.800,0.800,0.500,0.500,0.500,1.000,1.000,1.000,0.800,0.800,0.800,0.500,0.500,0.500
1683,12951684.827,2,2,392,0,0,0,0,0,0.056,392,394,1.004,0.800,0.800,0.800,0.800,0.800,0.800,0.667,0.667,0.400,0.800,0.800,0.800,0.800,0.800,0.800,0.667,0.667,0.400
1684,12951684.900,4,4,391,0,0,0,0,0,0.072,391,392,0.857,0.750,0.750,0.857,0.857,0.800,0.667,0.667,0.667,0.800,0.750,0.750,0.857,0.857,0.800,0.667,0.667,0.667,0.800
1685,12951684.974,6,6,377,0,0,0,0,0,0.048,377,391,0.629,0.857,0.857,0.857,0.857,1.000,0.800,0.800,0.800,0.500,0.857,0.857,0.857,0.857,1.000,0.800,0.800,0.800,0.500
1686,12951685.048,4,4,393,0,0,0,0,0,0.059,393,377,0.676,0.857,0.857,1.000,1.000,1.000,0.800,0.800,0.800,0.800,0.857,0.857,1.000,1.000,1.000,0.800,0.800,0.800,0.800
1687,12951685.122,4,4,376,0,0,0,0,0,0.056,376,393,0.554,0.857,0.857,1.000,1.000,1.000,1.000,0.800,0.800,0.800,0.857,0.857,1.000,1.000,1.000,1.000,0.800,0.800,0.800
1688,12951685.194,4,4,393,0,0,0,0,2,0.066,395,376,1.066,0.750,0.857,1.000,1.000,1.000,0.800,0.800,0.800,0.500,0.750,0.857,1.000,1.000,1.000,0.800,0.800,0.800,0.500
1689,12951685.266,4,4,396,0,0,0,0,0,0.056,396,395,0.754,0.667,0.750,0.857,0.857,0.667,0.800,0.800,0.500,0.500,0.667,0.750,0.857,0.857,0.667,0.800,0.800,0.500,0.500
1690,12951685.341,7,7,400,0,0,0,0,0,0.065,400,396,0.741,0.857,0.857,0.857,0.857,0.857,1.000,1.000,0.800,0.000,0.857,0.857,0.857,0.857,0.857,1.000,1.000,0.800,0.000
1691,12951685.414,5,5,374,0,0,0,0,0,0.059,374,400,0.861,0.857,0.857,0.857,1.000,1.000,1.000,1.000,1.000,0.800,0.857,0.857,0.857,1.000,1.000,1.000,1.000,1.000,0.800
1692,12951685.487,6,6,390,0,0,0,0,0,0.059,390,374,0.824,0.857,0.857,0.857,0.857,1.000,1.000,0.857,1.000,0.500,0.857,0.857,0.857,0.857,1.000,1.000,0.571,0.667,0.500
1693,12951685.559,2,2,386,0,0,0,0,0,0.041,386,390,0.874,1.000,1.000,1.000,1.000,1.000,0.800,0.800,0.800,0.800,1.000,1.000,1.000,1.000,0.667,0.800,0.800,0.800,0.800
1694,12951685.633,4,4,380,0,0,0,0,0,0.050,380,386,0.774,0.857,0.857,1.000,1.000,1.000,1.000,1.000,0.500,0.000,0.857,0.857,1.000,1.000,1.000,1.000,1.000,0.500,0.000
1695,12951685.707,2,2,382,0,0,0,0,0,0.065,382,380,0.676,0.857,0.857,0.857,0.857,0.667,0.667,0.800,0.800,0.800,0.857,0.857,0.857,0.857,0.667,0.667,0.800,0.800,0.800
1696,12951685.781,2,2,383,0,0,0,0,0,0.047,383,382,0.634,0.750,0.750,0.750,0.750,0.571,0.571,0.333,0.333,0.400,0.750,0.750,0.750,0.750,0.571,0.571,0.333,0.333,0.400
1697,12951685.853,5,5,394,0,0,0,0,0,0.069,394,383,0.680,0.750,0.857,0.857,1.000,1.000,1.000,0.500,0.500,0.500,0.750,0.857,0.857,1.000,1.000,1.000,0.500,0.500,0.500
1698,12951685.926,5,5,387,0,0,0,0,0,0.065,387,394,0.745,0.857,0.857,0.857,1.000,1.000,1.000,1.000,1.000,1.000,0.857,0.857,0.857,1.000,1.000,1.000,1.000,0.667,0.667
1699,12951686.001,4,4,372,0,0,0,0,0,0.062,372,387,0.721,0.750,0.857,1.000,1.000,1.000,1.000,1.000,1.000,1.000,0.750,0.857,1.000,1.000,1.000,1.000,1.000,1.000,1.000
1700,12951686.074,6,6,394,0,0,0,0,0,0.061,394,372,0.905,0.857,0.857,0.857,0.857,1.000,0.800,0.800,0.800,0.800,0.857,0.857,0.857,0.857,1.000,0.800,0.800,0.800,0.800
1701,12951686.146,2,2,405,0,0,0,0,0,0.049,405,394,0.002,0.750,0.750,0.750,0.750,0.750,0.667,0.667,0.667,0.400,0.750,0.750,0.750,0.750,0.750,0.667,0.667,0.333,0.400
1702,12951686.221,5,5,388,0,0,0,0,0,0.054,388,405,0.797,0.857,0.857,0.857,1.000,0.800,0.800,0.800,0.800,0.800,0.857,0.857,0.857,1.000,0.800,0.800,0.800,0.800,0.800
1703,12951686.294,2,2,379,0,0,0,0,0,0.053,379,388,0.535,1.000,1.000,1.000,1.000,1.000,0.800,0.667,0.400,0.500,1.000,1.000,1.000,1.000,1.000,0.800,0.667,0.400,0.500
1704,12951686.367,2,2,372,0,0,0,0,0,0.056,372,379,0.604,0.800,0.667,0.667,0.571,0.571,0.571,0.571,0.667,0.400,0.800,0.667,0.667,0.571,0.571,0.571,0.571,0.333,0.400
1705,12951686.440,3,3,384,0,0,0,0,0,0.065,384,372,0.193,0.667,0.750,0.750,0.571,0.667,0.667,0.667,0.667,0.667,0.667,0.750,0.750,0.571,0.667,0.667,0.667,0.667,0.667
1706,12951686.513,2,2,378,0,0,0,0,0,0.045,378,384,0.103,0.667,0.667,0.667,0.667,0.667,0.667,0.667,0.571,0.667,0.667,0.667,0.667,0.667,0.667,0.667,0.667,0.571,0.667
1707,12951686.587,2,2,395,0,0,0,0,0,0.056,395,378,0.171,0.750,0.750,0.667,0.667,0.571,0.667,0.667,0.667,0.400,0.750,0.750,0.667,0.667,0.571,0.667,0.667,0.667,0.400
1708,12951686.660,5,5,383,0,0,0,0,0,0.055,383,395,0.886,0.857,0.857,0.857,1.000,1.000,0.800,0.500,0.500,0.500,0.857,0.857,0.857,1.000,1.000,0.800,0.500,0.500,0.500
1709,12951686.732,2,2,380,0,0,0,0,0,0.053,380,383,0.948,0.857,0.857,0.857,0.857,0.857,0.857,0.500,0.500,0.500,0.857,0.857,0.857,0.857,0.857,0.857,0.500,0.500,0.500
1710,12951686.805,3,3,387,0,0,0,0,0,0.054,387,380,0.538,0.857,1.000,1.000,1.000,1.000,1.000,0.800,0.800,0.800,0.857,1.000,1.000,1.000,1.000,0.667,0.800,0.800,0.800
1711,12951686.880,6,2,376,0,0,0,0,0,0.064,376,387,0.842,0.857,0.857,0.857,0.857,1.000,0.800,0.800,0.500,0.500,0.857,0.857,0.857,0.857,0.667,0.800,0.800,0.500,0.500
1712,12951686.953,2,2,377,0,0,0,0,0,0.053,377,376,0.548,1.000,1.000,1.000,1.000,0.667,0.800,0.500,0.500,0.500,1.000,1.000,1.000,1.000,0.667,0.800,0.500,0.500,0.500
1713,12951687.025,2,2,372,0,0,0,0,0,0.046,372,377,0.680,1.000,1.000,1.000,0.667,0.667,0.500,0.500,0.500,0.500,1.000,1.000,1.000,0.667,0.667,0.500,0.500,0.500,0.500
1714,12951687.097,2,2,386,0,0,0,0,0,0.052,386,372,0.663,1.000,1.000,1.000,1.000,0.857,0.667,0.800,0.500,0.500,1.000,1.000,1.000,1.000,0.857,0.667,0.400,0.500,0.500
1715,12951687.172,2,2,382,0,0,0,0,0,0.042,382,386,0.897,1.000,1.000,1.000,1.000,1.000,1.000,0.800,0.800,0.800,1.000,1.000,1.000,1.000,1.000,1.000,0.800,0.800,0.800
1716,12951687.246,2,2,372,0,0,0,0,0,0.048,372,382,0.998,1.000,1.000,1.000,0.857,0.667,0.667,0.800,0.500,0.500,1.000,1.000,1.000,0.857,0.667,0.667,0.400,0.500,0.500
1717,12951687.319,2,2,382,0,0,0,0,0,0.058,382,372,0.902,1.000,1.000,1.000,0.800,0.800,0.667,0.667,0.667,0.800,1.000,1.000,1.000,0.800,0.800,0.667,0.667,0.667,0.800
1718,12951687.390,2,2,371,0,0,0,0,0,0.049,371,382,0.640,0.857,0.857,0.857,0.857,0.667,0.667,0.667,0.800,0.800,0.857,0.857,0.857,0.857,0.667,0.667,0.667,0.800,0.400
1719,12951687.465,2,2,357,0,0,0,0,0,0.036,357,371,0.537,0.857,0.857,0.857,0.857,0.800,0.500,0.500,0.500,0.500,0.857,0.857,0.857,0.857,0.800,0.500,0.500,0.500,0.500
1720,12951687.612,3,3,362,0,0,0,0,1,0.063,363,357,0.780,0.750,0.857,0.857,0.800,0.800,0.500,0.500,0.500,0.500,0.750,0.857,0.857,0.800,0.800,0.500,0.500,0.500,0.500
1721,12951687.684,5,5,348,0,0,0,0,0,0.049,348,363,0.841,0.667,0.667,0.667,0.800,0.800,0.500,0.500,0.500,0.500,0.667,0.667,0.667,0.800,0.800,0.500,0.500,0.500,0.500
1722,12951687.759,2,2,359,0,0,0,0,0,0.047,359,348,0.943,0.857,0.857,0.667,0.800,0.800,0.500,0.500,0.500,0.500,0.857,0.857,0.667,0.800,0.800,0.500,0.500,0.500,0.500
1723,12951687.833,2,2,359,0,0,0,0,0,0.039,359,359,1.031,1.000,1.000,1.000,1.000,1.000,1.000,1.000,1.000,1.000,1.000,1.000,1.000,1.000,1.000,1.000,1.000,1.000,1.000
1724,12951687.906,4,4,367,0,0,0,0,0,0.046,367,359,0.866,0.800,0.800,1.000,1.000,1.000,1.000,1.000,1.000,1.000,0.800,0.800,1.000,1.000,1.000,1.000,1.000,1.000,1.000
1725,12951687.980,2,2,363,0,0,0,0,0,0.047,363,367,0.721,1.000,0.800,0.800,0.800,0.800,0.800,0.800,0.800,0.500,1.000,0.800,0.800,0.800,0.800,0.800,0.400,0.400,0.500
1726,12951688.054,2,5,359,0,0,0,0,1,0.033,360,363,0.970,1.000,1.000,1.000,0.800,0.500,0.500,0.500,0.500,0.500,0.667,0.667,0.667,0.800,0.500,0.500,0.500,0.500,0.500
1727,12951688.127,2,2,345,0,0,0,0,0,0.043,345,360,0.577,1.000,1.000,0.800,0.800,0.800,0.500,0.500,0.500,0.500,1.000,1.000,0.800,0.800,0.400,0.500,0.500,0.500,0.500
1728,12951688.201,2,2,357,0,0,0,0,0,0.042,357,345,0.638,0.800,0.800,0.800,0.800,0.800,0.800,0.800,0.800,0.500,0.800,0.800,0.800,0.800,0.800,0.800,0.800,0.800,0.500
1729,12951688.273,3,3,352,0,0,0,0,0,0.054,352,357,0.672,0.667,0.800,0.800,0.800,0.800,0.800,0.500,0.500,0.500,0.667,0.800,0.800,0.800,0.800,0.800,0.500,0.500,0.500
1730,12951688.345,2,2,364,0,0,0,0,0,0.058,364,352,0.765,0.857,0.857,0.667,0.667,0.800,0.500,0.500,0.500,0.500,0.857,0.857,0.667,0.667,0.800,0.500,0.500,0.500,0.500
1731,12951688.420,2,2,362,0,0,0,0,0,0.041,362,364,0.563,1.000,1.000,1.000,1.000,0.800,0.800,0.500,0.500,0.500,1.000,1.000,1.000,1.000,0.800,0.800,0.500,0.500,0.500
1732,12951688.493,2,2,360,0,0,0,0,0,0.042,360,362,0.031,0.800,0.800,0.800,0.800,0.800,0.800,0.800,0.500,0.500,0.800,0.800,0.800,0.800,0.800,0.800,0.800,0.500,0.500
1733,12951688.565,4,4,368,0,0,0,0,0,0.049,368,360,0.577,0.857,0.857,1.000,1.000,0.667,0.500,0.500,0.500,0.500,0.857,0.857,1.000,1.000,0.667,0.500,0.500,0.500,0.500
1734,12951688.641,2,2,378,0,0,0,0,0,0.063,378,368,0.514,0.857,0.857,0.667,0.800,0.800,0.800,0.800,0.500,0.500,0.857,0.857,0.667,0.800,0.800,0.800,0.800,0.500,0.500
1735,12951688.715,6,6,369,0,0,0,0,0,0.060,369,378,0.647,0.857,0.857,0.857,0.857,1.000,0.800,0.800,0.800,0.800,0.857,0.857,0.857,0.857,1.000,0.800,0.800,0.800,0.800
1736,12951688.789,3,3,379,0,0,0,0,1,0.055,380,369,0.647,0.667,0.800,0.800,0.800,0.800,0.800,0.500,0.500,0.500,0.667,0.800,0.800,0.800,0.800,0.800,0.500,0.500,0.500
1737,12951688.862,5,5,376,0,0,0,0,0,0.064,376,380,0.756,0.750,0.750,0.857,1.000,0.800,0.800,0.800,0.500,0.500,0.750,0.750,0.857,1.000,0.800,0.800,0.800,0.500,0.500
1738,12951688.934,2,2,362,0,0,0,0,0,0.039,362,376,0.753,1.000,1.000,1.000,1.000,1.000,1.000,0.800,0.500,0.500,1.000,1.000,1.000,1.000,1.000,1.000,0.800,0.500,0.500
1739,12951689.009,2,2,365,0,0,0,0,0,0.044,365,362,0.735,1.000,1.000,1.000,1.000,1.000,1.000,0.800,0.500,0.500,1.000,1.000,1.000,1.000,1.000,1.000,0.800,0.500,0.500
1740,12951689.083,4,4,374,0,0,0,0,0,0.053,374,365,0.598,0.857,0.857,1.000,1.000,1.000,1.000,1.000,0.500,0.500,0.857,0.857,1.000,1.000,1.000,1.000,1.000,0.500,0.500
1741,12951689.155,2,2,365,0,0,0,0,0,0.055,365,374,0.711,0.857,0.857,0.857,0.857,0.800,0.800,0.800,0.500,0.500,0.857,0.857,0.857,0.857,0.800,0.800,0.800,0.500,0.500
1742,12951689.226,2,2,383,0,0,0,0,0,0.047,383,365,0.893,0.857,0.857,0.857,0.800,0.800,0.800,0.800,0.800,0.500,0.857,0.857,0.857,0.800,0.800,0.800,0.800,0.800,0.500
1743,12951689.302,4,4,370,0,0,0,0,0,0.065,370,383,0.626,0.857,0.857,1.000,1.000,1.000,1.000,0.800,0.500,0.500,0.857,0.857,1.000,1.000,1.000,1.000,0.800,0.500,0.500
1744,12951689.376,2,2,378,0,0,0,0,0,0.061,378,370,0.578,0.857,0.857,0.857,0.857,0.857,0.857,0.667,0.667,0.667,0.857,0.857,0.857,0.857,0.857,0.857,0.667,0.667,0.667
1745,12951689.449,2,2,395,0,0,0,0,0,0.061,395,378,0.727,1.000,1.000,1.000,1.000,1.000,1.000,1.000,1.000,0.800,1.000,1.000,1.000,1.000,1.000,1.000,1.000,1.000,0.800
1746,12951689.522,2,2,376,0,0,0,0,0,0.051,376,395,0.671,0.857,0.857,0.857,0.857,0.857,0.857,0.857,0.857,0.667,0.857,0.857,0.857,0.857,0.857,0.857,0.857,0.857,0.667
1747,12951689.595,2,2,381,0,0,0,0,0,0.063,381,376,0.185,0.857,0.857,0.857,0.857,0.857,0.857,0.857,0.857,0.667,0.857,0.857,0.857,0.857,0.857,0.857,0.857,0.857,0.667
1748,12951689.670,2,2,391,0,0,0,0,0,0.056,391,381,0.770,1.000,1.000,1.000,0.857,0.857,0.857,0.857,0.857,0.667,1.000,1.000,1.000,0.857,0.857,0.857,0.857,0.857,0.667
1749,12951689.744,5,5,382,0,0,0,0,0,0.060,382,391,0.606,0.750,0.750,0.750,0.857,0.857,0.667,0.667,0.667,0.667,0.750,0.750,0.750,0.857,0.857,0.667,0.667,0.667,0.667
1750,12951689.816,2,2,385,0,0,0,0,0,0.060,385,382,0.447,0.889,0.889,0.750,0.857,0.857,0.857,0.667,0.667,0.667,0.889,0.889,0.750,0.857,0.857,0.857,0.667,0.667,0.667
1751,12951689.888,3,3,376,0,0,0,0,2,0.063,378,385,0.834,0.889,1.000,1.000,1.000,0.857,0.667,0.667,0.667,0.667,0.889,1.000,1.000,1.000,0.857,0.667,0.667,0.667,0.667
1752,12951689.962,2,2,372,0,0,0,0,0,0.062,372,378,0.770,1.000,1.000,1.000,1.000,1.000,1.000,0.667,0.667,0.400,1.000,1.000,1.000,1.000,1.000,1.000,0.667,0.667,0.400
1753,12951690.035,2,2,389,0,0,0,0,0,0.049,389,372,0.949,1.000,1.000,1.000,1.000,1.000,1.000,1.000,1.000,0.800,1.000,1.000,1.000,1.000,1.000,1.000,1.000,1.000,0.800
1754,12951690.108,2,2,374,0,0,0,0,0,0.051,374,389,0.865,1.000,1.000,0.857,0.857,0.857,0.857,0.667,0.667,0.667,1.000,1.000,0.857,0.857,0.857,0.857,0.667,0.667,0.667
1755,12951690.183,2,2,370,0,0,0,0,0,0.046,370,374,0.683,1.000,1.000,1.000,0.857,0.667,0.667,0.667,0.400,0.400,1.000,1.000,1.000,0.857,0.667,0.667,0.667,0.400,0.400
1756,12951690.257,2,2,376,0,0,0,0,1,0.053,377,370,0.747,0.857,0.857,0.857,0.667,0.667,0.667,0.667,0.667,0.400,0.857,0.857,0.857,0.667,0.667,0.667,0.667,0.333,0.400
1757,12951690.330,2,2,384,0,0,0,0,0,0.052,384,377,0.546,1.000,1.000,1.000,0.667,0.667,0.667,0.667,0.667,0.667,1.000,1.000,1.000,0.667,0.667,0.667,0.667,0.667,0.667
1758,12951690.403,2,2,377,0,0,0,0,0,0.056,377,384,0.524,0.857,0.857,0.857,0.857,0.857,0.857,0.667,0.667,0.400,0.857,0.857,0.857,0.857,0.857,0.857,0.667,0.667,0.400
1759,12951690.475,2,2,390,0,0,0,0,0,0.054,390,377,0.699,0.857,0.857,0.857,0.667,0.667,0.667,0.667,0.400,0.400,0.857,0.857,0.857,0.667,0.667,0.667,0.667,0.400,0.400
1760,12951690.549,2,2,386,0,0,0,0,0,0.044,386,390,0.677,0.667,0.667,0.667,0.667,0.667,0.667,0.400,0.400,0.400,0.667,0.667,0.667,0.667,0.667,0.667,0.400,0.400,0.400
1761,12951690.623,2,2,384,0,0,0,0,0,0.049,384,386,0.683,1.000,1.000,0.857,0.667,0.667,0.400,0.400,0.400,0.400,1.000,1.000,0.857,0.667,0.667,0.400,0.400,0.400,0.400
1762,12951690.695,2,2,374,0,0,0,0,0,0.037,374,384,0.623,0.857,0.857,0.857,0.667,0.667,0.400,0.400,0.400,0.400,0.857,0.857,0.857,0.667,0.667,0.400,0.400,0.400,0.400
1763,12951690.766,2,2,366,0,0,0,0,0,0.046,366,374,0.695,1.000,1.000,1.000,0.400,0.400,0.400,0.400,0.400,0.400,1.000,1.000,1.000,0.400,0.400,0.400,0.400,0.400,0.400
1764,12951690.842,2,2,375,0,0,0,0,0,0.056,375,366,0.642,1.000,1.000,1.000,0.667,0.667,0.400,0.400,0.400,0.400,1.000,1.000,1.000,0.667,0.667,0.400,0.400,0.400,0.400
1765,12951690.915,5,5,371,0,0,0,0,0,0.040,371,375,0.404,0.750,0.750,0.750,0.857,0.667,0.400,0.400,0.400,0.400,0.750,0.750,0.750,0.857,0.667,0.400,0.400,0.400,0.400
1766,12951690.988,2,2,370,0,0,0,0,0,0.046,370,371,0.661,0.750,0.750,0.750,0.667,0.667,0.400,0.400,0.400,0.400,0.750,0.750,0.750,0.667,0.667,0.400,0.400,0.400,0.400
1767,12951691.061,4,4,365,0,0,0,0,0,0.047,365,370,0.558,0.857,0.857,1.000,0.800,0.500,0.500,0.500,0.500,0.500,0.857,0.857,1.000,0.800,0.500,0.500,0.500,0.500,0.500
1768,12951691.135,2,2,363,0,0,0,0,0,0.058,363,365,0.879,1.000,1.000,1.000,0.800,0.800,0.800,0.500,0.500,0.500,1.000,1.000,1.000,0.800,0.800,0.800,0.500,0.500,0.500
1769,12951691.209,2,2,360,0,0,0,0,0,0.050,360,363,0.635,0.857,0.857,0.857,0.857,0.857,0.667,0.400,0.400,0.400,0.857,0.857,0.857,0.857,0.857,0.667,0.400,0.400,0.400
1770,12951691.283,4,4,365,0,0,0,0,0,0.052,365,360,0.642,0.750,0.750,0.857,0.857,0.857,0.400,0.400,0.400,0.400,0.750,0.750,0.857,0.857,0.857,0.400,0.400,0.400,0.400
1771,12951691.356,5,5,369,0,0,0,0,0,0.049,369,365,0.494,0.750,0.750,0.750,0.857,0.857,0.667,0.400,0.400,0.400,0.750,0.750,0.750,0.857,0.857,0.667,0.400,0.400,0.400
1772,12951691.429,6,6,373,0,0,0,0,0,0.048,373,369,0.607,0.571,0.571,0.571,0.571,0.667,0.667,0.400,0.400,0.400,0.571,0.571,0.571,0.571,0.667,0.667,0.400,0.400,0.400
1773,12951691.504,6,6,370,0,0,0,0,0,0.043,370,373,0.643,0.571,0.571,0.571,0.571,0.667,0.400,0.400,0.400,0.400,0.571,0.571,0.571,0.571,0.667,0.400,0.400,0.400,0.400
1774,12951691.577,2,2,382,0,0,0,0,0,0.039,382,370,0.122,0.889,0.889,0.889,0.333,0.333,0.333,0.333,0.333,0.333,0.889,0.889,0.889,0.333,0.333,0.333,0.333,0.333,0.333
1775,12951691.649,2,2,380,0,0,0,0,0,0.047,380,382,0.467,1.000,0.889,0.889,0.571,0.333,0.333,0.333,0.333,0.333,1.000,0.889,0.889,0.571,0.333,0.333,0.333,0.333,0.333
1776,12951691.725,2,2,372,0,0,0,0,0,0.038,372,380,0.598,0.571,0.571,0.571,0.333,0.333,0.333,0.333,0.333,0.333,0.571,0.571,0.571,0.333,0.333,0.333,0.333,0.333,0.333
1777,12951691.797,2,2,368,0,0,0,0,0,0.043,368,372,0.665,0.889,0.750,0.571,0.571,0.571,0.333,0.333,0.333,0.333,0.889,0.750,0.571,0.571,0.571,0.333,0.333,0.333,0.333
1778,12951691.870,2,2,361,0,0,0,0,0,0.039,361,368,0.689,0.571,0.571,0.571,0.333,0.333,0.333,0.333,0.333,0.333,0.571,0.571,0.571,0.333,0.333,0.333,0.333,0.333,0.333
1779,12951692.017,2,2,366,0,0,0,0,0,0.041,366,361,0.676,0.750,0.750,0.333,0.333,0.333,0.333,0.333,0.333,0.333,0.750,0.750,0.333,0.333,0.333,0.333,0.333,0.333,0.333
1780,12951692.091,2,2,364,0,0,0,0,0,0.041,364,366,0.543,0.889,0.889,0.889,0.667,0.400,0.400,0.400,0.400,0.400,0.889,0.889,0.889,0.667,0.400,0.400,0.400,0.400,0.400
1781,12951692.165,2,2,352,0,0,0,0,0,0.034,352,364,0.463,0.667,0.667,0.667,0.667,0.400,0.400,0.400,0.400,0.400,0.667,0.667,0.667,0.667,0.400,0.400,0.400,0.400,0.400
1782,12951692.237,2,2,340,0,0,0,0,0,0.035,340,352,0.670,0.857,0.857,0.667,0.400,0.400,0.400,0.400,0.400,0.400,0.857,0.857,0.667,0.400,0.400,0.400,0.400,0.400,0.400
1783,12951692.310,2,2,348,0,0,0,0,0,0.034,348,340,0.533,0.571,0.571,0.571,0.571,0.333,0.333,0.333,0.333,0.333,0.571,0.571,0.571,0.571,0.333,0.333,0.333,0.333,0.333
1784,12951692.385,2,2,344,0,0,0,0,0,0.044,344,348,0.711,0.571,0.571,0.333,0.333,0.333,0.333,0.333,0.333,0.333,0.571,0.571,0.333,0.333,0.333,0.333,0.333,0.333,0.333
1785,12951692.458,2,2,352,0,0,0,0,0,0.045,352,344,0.820,0.571,0.571,0.333,0.333,0.333,0.333,0.333,0.333,0.333,0.571,0.571,0.333,0.333,0.333,0.333,0.333,0.333,0.333
1786,12951692.530,2,2,345,0,0,0,0,0,0.046,345,352,0.542,0.571,0.571,0.571,0.571,0.571,0.333,0.333,0.333,0.333,0.571,0.571,0.571,0.571,0.571,0.333,0.333,0.333,0.333
1787,12951692.603,2,2,347,0,0,0,0,0,0.043,347,345,0.449,0.857,0.857,0.667,0.667,0.667,0.400,0.400,0.400,0.400,0.857,0.857,0.667,0.667,0.667,0.400,0.400,0.400,0.400
1788,12951692.678,2,2,346,0,0,0,0,0,0.043,346,347,0.476,0.857,0.857,0.857,0.400,0.400,0.400,0.400,0.400,0.400,0.857,0.857,0.857,0.400,0.400,0.400,0.400,0.400,0.400
1789,12951692.751,2,2,361,0,0,0,0,0,0.055,361,346,0.262,1.000,1.000,0.889,0.571,0.333,0.333,0.333,0.333,0.333,1.000,1.000,0.889,0.571,0.333,0.333,0.333,0.333,0.333
1790,12951692.826,2,2,345,0,0,0,0,0,0.043,345,361,0.501,0.857,0.857,0.857,0.857,0.857,0.857,0.400,0.400,0.400,0.857,0.857,0.857,0.857,0.857,0.857,0.400,0.400,0.400
1791,12951692.897,2,2,351,0,0,0,0,0,0.040,351,345,0.610,0.571,0.571,0.571,0.571,0.571,0.571,0.333,0.333,0.333,0.571,0.571,0.571,0.571,0.571,0.571,0.333,0.333,0.333
1792,12951692.971,3,3,356,0,0,0,0,0,0.059,356,351,0.620,0.800,0.889,0.750,0.750,0.571,0.333,0.333,0.333,0.333,0.800,0.889,0.750,0.750,0.571,0.333,0.333,0.333,0.333
1793,12951693.047,2,2,336,0,0,0,0,0,0.036,336,356,0.350,0.500,0.500,0.500,0.333,0.333,0.333,0.333,0.333,0.333,0.500,0.500,0.500,0.333,0.333,0.333,0.333,0.333,0.333
1794,12951693.120,2,2,358,0,0,0,0,0,0.036,358,336,0.574,0.667,0.667,0.667,0.667,0.400,0.400,0.400,0.400,0.400,0.667,0.667,0.667,0.667,0.400,0.400,0.400,0.400,0.400
1795,12951693.191,4,4,358,0,0,0,0,0,0.031,358,358,0.167,0.286,0.286,0.333,0.333,0.333,0.333,0.333,0.333,0.333,0.286,0.286,0.333,0.333,0.333,0.333,0.333,0.333,0.333
1796,12951693.267,2,2,363,0,0,0,0,0,0.044,363,358,0.703,1.000,1.000,0.400,0.400,0.400,0.400,0.400,0.400,0.400,1.000,1.000,0.400,0.400,0.400,0.400,0.400,0.400,0.400
1797,12951693.342,2,2,364,0,0,0,0,0,0.047,364,363,0.540,0.800,0.800,0.667,0.286,0.333,0.333,0.333,0.333,0.333,0.800,0.800,0.667,0.286,0.333,0.333,0.333,0.333,0.333
1798,12951693.415,2,2,369,0,0,0,0,0,0.033,369,364,0.534,0.571,0.571,0.571,0.333,0.333,0.333,0.333,0.333,0.333,0.571,0.571,0.571,0.333,0.333,0.333,0.333,0.333,0.333
1799,12951693.488,3,3,365,0,0,0,0,0,0.041,365,369,0.456,0.889,1.000,0.857,0.667,0.400,0.400,0.400,0.400,0.400,0.889,1.000,0.857,0.667,0.400,0.400,0.400,0.400,0.400
1800,12951693.561,2,2,374,0,0,0,0,0,0.035,374,365,0.136,0.857,0.857,0.857,0.857,0.857,0.667,0.400,0.400,0.400,0.857,0.857,0.857,0.857,0.857,0.667,0.400,0.400,0.400
1801,12951693.634,2,2,361,0,0,0,0,0,0.036,361,374,0.462,1.000,1.000,1.000,1.000,0.400,0.400,0.400,0.400,0.400,1.000,1.000,1.000,1.000,0.400,0.400,0.400,0.400,0.400
1802,12951693.709,2,2,363,0,0,0,0,0,0.036,363,361,0.185,0.750,0.750,0.750,0.571,0.333,0.333,0.333,0.333,0.333,0.750,0.750,0.750,0.571,0.333,0.333,0.333,0.333,0.333
1803,12951693.781,2,2,366,0,0,0,0,0,0.049,366,363,0.733,0.857,0.857,0.857,0.857,0.857,0.400,0.400,0.400,0.400,0.857,0.857,0.857,0.857,0.857,0.400,0.400,0.400,0.400
1804,12951693.856,2,2,362,0,0,0,0,0,0.041,362,366,0.888,0.750,0.750,0.750,0.750,0.750,0.571,0.571,0.571,0.333,0.750,0.750,0.750,0.750,0.750,0.571,0.571,0.286,0.333
1805,12951693.932,2,2,369,0,0,0,0,0,0.027,369,362,0.515,0.750,0.750,0.571,0.571,0.571,0.571,0.571,0.333,0.333,0.750,0.750,0.571,0.571,0.571,0.571,0.571,0.333,0.333
1806,12951694.003,2,2,361,0,0,0,0,0,0.053,361,369,0.800,0.889,0.889,0.750,0.750,0.750,0.571,0.333,0.333,0.333,0.889,0.889,0.750,0.750,0.750,0.571,0.333,0.333,0.333
1807,12951694.076,2,2,365,0,0,0,0,1,0.044,366,361,0.586,0.857,0.857,0.857,0.857,0.857,0.667,0.400,0.400,0.400,0.857,0.857,0.857,0.857,0.571,0.333,0.400,0.400,0.400
1808,12951694.151,2,2,375,0,0,0,0,1,0.048,376,366,0.597,0.800,0.667,0.667,0.750,0.750,0.571,0.333,0.333,0.333,0.800,0.667,0.667,0.500,0.500,0.571,0.333,0.333,0.333
1809,12951694.224,2,2,362,0,0,0,0,0,0.022,362,376,0.471,0.750,0.750,0.750,0.571,0.571,0.571,0.333,0.000,0.000,0.750,0.750,0.750,0.571,0.571,0.571,0.333,0.000,0.000
1810,12951694.297,2,2,380,0,0,0,0,0,0.045,380,362,0.240,0.750,0.750,0.571,0.333,0.333,0.333,0.333,0.333,0.333,0.750,0.750,0.571,0.333,0.333,0.333,0.333,0.333,0.333
1811,12951694.369,2,2,380,0,0,0,0,0,0.037,380,380,0.697,0.571,0.571,0.571,0.571,0.571,0.333,0.333,0.333,0.333,0.571,0.571,0.571,0.571,0.571,0.333,0.333,0.333,0.333
1812,12951694.443,2,2,352,0,0,0,0,0,0.043,352,380,0.686,0.750,0.750,0.571,0.571,0.571,0.571,0.333,0.333,0.333,0.750,0.750,0.571,0.571,0.571,0.571,0.333,0.333,0.333
1813,12951694.517,2,2,355,0,0,0,0,1,0.042,356,352,0.658,0.667,0.667,0.667,0.667,0.667,0.667,0.400,0.400,0.400,0.667,0.667,0.667,0.667,0.667,0.667,0.400,0.400,0.400
1814,12951694.591,2,6,374,0,0,0,0,0,0.027,374,356,0.116,0.667,0.667,0.667,0.667,0.667,0.400,0.400,0.400,0.400,0.333,0.333,0.333,0.333,0.667,0.400,0.400,0.400,0.400
1815,12951694.663,2,2,364,0,0,0,0,0,0.044,364,374,0.534,0.889,0.750,0.750,0.571,0.571,0.333,0.333,0.333,0.333,0.889,0.750,0.750,0.286,0.286,0.333,0.333,0.333,0.333
1816,12951694.734,2,2,376,0,0,0,0,0,0.040,376,364,0.554,0.667,0.667,0.667,0.500,0.571,0.333,0.333,0.333,0.333,0.667,0.667,0.444,0.500,0.571,0.333,0.333,0.333,0.333
1817,12951694.809,2,2,373,0,0,0,0,0,0.029,373,376,0.349,0.857,0.857,0.667,0.667,0.667,0.667,0.400,0.400,0.000,0.857,0.857,0.667,0.667,0.667,0.667,0.400,0.400,0.000
1818,12951694.883,2,2,368,0,0,0,0,0,0.038,368,373,0.402,0.667,0.500,0.500,0.500,0.571,0.571,0.000,0.000,0.000,0.444,0.250,0.250,0.250,0.000,0.000,0.000,0.000,0.000
1819,12951694.955,5,6,373,0,0,0,0,0,0.040,373,368,0.863,0.667,0.667,0.667,0.750,0.750,0.571,0.571,0.333,0.333,0.444,0.444,0.444,0.500,0.750,0.571,0.571,0.333,0.333
1820,12951695.027,6,6,366,0,0,0,0,0,0.046,366,373,0.709,0.500,0.500,0.500,0.500,0.571,0.571,0.333,0.333,0.333,0.500,0.500,0.500,0.500,0.571,0.571,0.333,0.333,0.333
1821,12951695.101,2,2,367,0,0,0,0,0,0.041,367,366,0.549,0.857,0.857,0.857,0.667,0.571,0.667,0.667,0.400,0.400,0.857,0.857,0.857,0.667,0.571,0.667,0.667,0.400,0.400
1822,12951695.175,2,2,369,0,0,0,0,1,0.046,370,367,0.532,0.750,0.750,0.750,0.750,0.571,0.571,0.333,0.333,0.333,0.750,0.750,0.750,0.750,0.286,0.571,0.333,0.333,0.333
1823,12951695.248,4,4,374,0,0,0,0,0,0.045,374,370,0.400,0.667,0.667,0.750,0.571,0.333,0.333,0.333,0.333,0.333,0.667,0.667,0.750,0.571,0.333,0.333,0.333,0.333,0.333
1824,12951695.320,5,5,355,0,0,0,0,0,0.031,355,374,0.551,0.571,0.571,0.571,0.667,0.400,0.400,0.400,0.400,0.400,0.571,0.571,0.571,0.667,0.400,0.400,0.400,0.400,0.400
1825,12951695.394,2,2,371,0,0,0,0,0,0.051,371,355,0.695,0.667,0.571,0.571,0.571,0.333,0.333,0.333,0.333,0.333,0.667,0.571,0.571,0.571,0.333,0.333,0.333,0.333,0.333
1826,12951695.468,2,2,371,0,0,0,0,0,0.046,371,371,0.425,0.800,0.800,0.500,0.500,0.571,0.333,0.333,0.333,0.333,0.800,0.800,0.500,0.500,0.571,0.333,0.333,0.333,0.333
1827,12951695.541,2,2,371,0,0,0,0,0,0.043,371,371,0.489,0.750,0.750,0.750,0.750,0.750,0.571,0.571,0.333,0.333,0.750,0.750,0.750,0.750,0.750,0.571,0.286,0.333,0.333
1828,12951695.613,2,2,371,0,0,0,0,0,0.046,371,371,0.550,0.857,0.857,0.857,0.667,0.667,0.400,0.400,0.400,0.400,0.857,0.857,0.857,0.667,0.667,0.400,0.400,0.400,0.400
1829,12951695.689,5,5,359,0,0,0,0,0,0.022,359,371,0.517,0.667,0.667,0.667,0.800,0.800,0.800,0.500,0.500,0.500,0.667,0.667,0.667,0.800,0.800,0.800,0.500,0.500,0.500
1830,12951695.763,2,2,370,0,0,0,0,0,0.035,370,359,0.209,0.857,0.667,0.667,0.667,0.667,0.400,0.400,0.400,0.400,0.857,0.667,0.667,0.667,0.333,0.400,0.400,0.400,0.400
1831,12951695.908,2,2,391,0,0,0,0,0,0.054,391,370,0.552,0.500,0.500,0.500,0.500,0.333,0.333,0.333,0.333,0.333,0.500,0.500,0.500,0.500,0.333,0.333,0.333,0.333,0.333
1832,12951695.982,2,2,391,0,0,0,0,0,0.049,391,391,0.771,0.500,0.500,0.333,0.333,0.333,0.333,0.333,0.333,0.333,0.500,0.500,0.333,0.333,0.333,0.333,0.333,0.333,0.333
1833,12951696.056,2,2,376,0,0,0,0,0,0.048,376,391,0.725,0.750,0.750,0.750,0.667,0.667,0.667,0.400,0.400,0.400,0.750,0.750,0.750,0.667,0.667,0.667,0.400,0.400,0.400
1834,12951696.131,2,2,369,0,0,0,0,0,0.051,369,376,0.608,0.909,0.909,0.800,0.800,0.800,0.500,0.286,0.286,0.286,0.909,0.909,0.800,0.800,0.800,0.500,0.286,0.286,0.286
1835,12951696.202,4,4,371,0,0,0,0,0,0.043,371,369,0.645,0.600,0.600,0.667,0.667,0.500,0.500,0.500,0.286,0.000,0.600,0.600,0.667,0.667,0.500,0.500,0.500,0.286,0.000
1836,12951696.276,5,5,368,0,0,0,0,0,0.043,368,371,0.836,0.600,0.600,0.600,0.667,0.500,0.500,0.286,0.286,0.286,0.600,0.600,0.600,0.667,0.500,0.500,0.286,0.286,0.286
1837,12951696.351,2,2,382,0,0,0,0,0,0.047,382,368,0.744,0.667,0.667,0.667,0.500,0.500,0.500,0.500,0.500,0.286,0.667,0.667,0.667,0.500,0.500,0.500,0.500,0.250,0.286
1838,12951696.424,2,8,364,0,0,0,0,0,0.038,364,382,0.245,0.500,0.500,0.500,0.500,0.500,0.500,0.500,0.500,0.286,0.250,0.250,0.250,0.250,0.250,0.250,0.500,0.500,0.286
1839,12951696.497,2,2,365,0,0,0,0,0,0.033,365,364,0.423,0.500,0.500,0.500,0.500,0.286,0.286,0.286,0.286,0.286,0.250,0.250,0.250,0.250,0.000,0.000,0.000,0.000,0.000
1840,12951696.569,3,3,359,0,0,0,0,0,0.042,359,365,0.301,0.667,0.750,0.571,0.333,0.333,0.333,0.333,0.333,0.333,0.667,0.750,0.571,0.333,0.333,0.333,0.333,0.333,0.333
1841,12951696.643,2,2,362,0,0,0,0,0,0.044,362,359,0.675,0.750,0.750,0.750,0.750,0.571,0.571,0.333,0.333,0.333,0.750,0.750,0.750,0.750,0.571,0.571,0.333,0.333,0.333
1842,12951696.717,2,2,363,0,0,0,0,0,0.041,363,362,0.865,0.800,0.800,0.667,0.667,0.500,0.500,0.286,0.286,0.286,0.800,0.800,0.667,0.667,0.500,0.500,0.286,0.286,0.286
1843,12951696.790,2,2,355,0,0,0,0,0,0.034,355,363,0.578,0.750,0.750,0.750,0.571,0.333,0.333,0.333,0.333,0.333,0.750,0.750,0.750,0.571,0.333,0.333,0.333,0.333,0.333
1844,12951696.862,2,2,356,0,0,0,0,0,0.028,356,355,0.594,0.571,0.571,0.571,0.333,0.333,0.333,0.333,0.333,0.333,0.571,0.571,0.571,0.333,0.333,0.333,0.333,0.333,0.333
1845,12951696.936,2,2,355,0,0,0,0,0,0.031,355,356,0.334,0.889,0.889,0.571,0.333,0.333,0.333,0.333,0.333,0.333,0.889,0.889,0.571,0.333,0.333,0.333,0.333,0.333,0.333
1846,12951697.010,2,2,364,0,0,0,0,0,0.047,364,355,0.850,0.889,0.889,0.750,0.333,0.333,0.333,0.333,0.333,0.333,0.889,0.889,0.750,0.333,0.333,0.333,0.333,0.333,0.333
1847,12951697.082,2,2,356,0,0,0,0,0,0.028,356,364,0.518,0.750,0.750,0.750,0.750,0.571,0.333,0.333,0.333,0.333,0.750,0.750,0.750,0.750,0.571,0.333,0.333,0.333,0.333
1848,12951697.155,2,2,350,0,0,0,0,0,0.029,350,356,0.723,0.667,0.667,0.667,0.500,0.286,0.286,0.286,0.000,0.000,0.667,0.667,0.667,0.500,0.286,0.286,0.286,0.000,0.000
1849,12951697.230,2,2,359,0,0,0,0,0,0.045,359,350,0.871,0.889,0.889,0.889,0.571,0.333,0.333,0.333,0.333,0.333,0.889,0.889,0.889,0.571,0.333,0.333,0.333,0.333,0.333
1850,12951697.303,4,4,351,0,0,0,0,0,0.043,351,359,0.292,0.571,0.571,0.750,0.571,0.333,0.333,0.333,0.333,0.333,0.571,0.571,0.750,0.571,0.333,0.333,0.333,0.333,0.333
1851,12951697.376,2,2,358,0,0,0,0,0,0.028,358,351,0.741,0.571,0.571,0.571,0.571,0.333,0.333,0.333,0.333,0.333,0.571,0.571,0.571,0.571,0.333,0.333,0.333,0.333,0.333
1852,12951697.449,2,2,358,0,0,0,0,0,0.025,358,358,0.635,0.571,0.571,0.571,0.571,0.333,0.333,0.333,0.333,0.000,0.571,0.571,0.571,0.571,0.333,0.333,0.333,0.333,0.000
1853,12951697.524,2,2,353,0,0,0,0,0,0.031,353,358,0.597,0.333,0.333,0.333,0.333,0.333,0.333,0.333,0.333,0.333,0.333,0.333,0.333,0.333,0.333,0.333,0.333,0.333,0.333
1854,12951697.598,2,2,353,0,0,0,0,0,0.037,353,353,0.186,0.750,0.750,0.750,0.333,0.333,0.333,0.333,0.333,0.333,0.750,0.750,0.750,0.333,0.333,0.333,0.333,0.333,0.333
1855,12951697.671,2,2,354,0,0,0,0,0,0.040,354,353,0.533,0.750,0.750,0.571,0.571,0.333,0.333,0.333,0.333,0.333,0.750,0.750,0.571,0.571,0.333,0.333,0.333,0.333,0.333
1856,12951697.744,2,2,374,0,0,0,0,0,0.037,374,354,0.612,0.750,0.750,0.750,0.571,0.333,0.333,0.333,0.333,0.333,0.750,0.750,0.750,0.571,0.333,0.333,0.333,0.333,0.333
1857,12951697.819,2,2,383,0,0,0,0,1,0.039,384,374,0.807,0.333,0.333,0.333,0.333,0.333,0.333,0.333,0.333,0.333,0.333,0.333,0.333,0.333,0.333,0.333,0.333,0.333,0.333
1858,12951697.894,2,2,366,0,0,0,0,0,0.038,366,384,0.533,0.750,0.750,0.571,0.571,0.571,0.571,0.333,0.333,0.333,0.750,0.750,0.571,0.571,0.571,0.571,0.333,0.333,0.333
1859,12951697.967,3,3,378,0,0,0,0,0,0.042,378,366,0.945,0.667,0.750,0.571,0.571,0.571,0.571,0.333,0.333,0.333,0.667,0.750,0.571,0.571,0.571,0.571,0.333,0.333,0.333
1860,12951698.038,3,3,391,0,0,0,0,0,0.056,391,378,0.815,0.800,0.889,0.750,0.750,0.571,0.571,0.333,0.333,0.333,0.800,0.889,0.750,0.750,0.571,0.571,0.333,0.333,0.333
1861,12951698.114,2,2,383,0,0,0,0,0,0.039,383,391,0.615,0.889,0.889,0.889,0.571,0.571,0.333,0.333,0.333,0.333,0.889,0.889,0.889,0.571,0.571,0.333,0.333,0.333,0.333
1862,12951698.189,2,2,380,0,0,0,0,0,0.047,380,383,0.624,0.750,0.750,0.750,0.750,0.571,0.333,0.333,0.333,0.333,0.750,0.750,0.750,0.750,0.571,0.333,0.333,0.333,0.333
1863,12951698.262,2,2,377,0,0,0,0,0,0.045,377,380,0.887,0.750,0.750,0.750,0.571,0.571,0.333,0.333,0.333,0.333,0.750,0.750,0.750,0.571,0.571,0.333,0.333,0.333,0.333
1864,12951698.336,2,2,386,0,0,0,0,0,0.039,386,377,0.517,0.571,0.571,0.571,0.571,0.571,0.333,0.333,0.333,0.333,0.571,0.571,0.571,0.571,0.571,0.333,0.333,0.333,0.333
1865,12951698.408,2,2,365,0,0,0,0,0,0.047,365,386,0.634,0.750,0.750,0.571,0.571,0.571,0.571,0.333,0.333,0.333,0.750,0.750,0.571,0.571,0.571,0.571,0.333,0.333,0.333
1866,12951698.482,2,2,380,0,0,0,0,0,0.050,380,365,0.803,0.750,0.750,0.750,0.750,0.571,0.571,0.571,0.333,0.333,0.750,0.750,0.750,0.750,0.571,0.571,0.571,0.333,0.333
1867,12951698.557,2,2,368,0,0,0,0,0,0.043,368,380,0.185,0.750,0.750,0.571,0.571,0.571,0.571,0.571,0.571,0.333,0.750,0.750,0.571,0.571,0.571,0.571,0.571,0.571,0.333
1868,12951698.629,2,2,387,0,0,0,0,0,0.031,387,368,0.414,0.750,0.750,0.750,0.571,0.571,0.333,0.333,0.333,0.333,0.750,0.750,0.750,0.571,0.571,0.333,0.333,0.333,0.333
1869,12951698.700,2,2,361,0,0,0,0,0,0.022,361,387,0.089,0.750,0.750,0.571,0.571,0.333,0.333,0.333,0.333,0.000,0.750,0.750,0.571,0.571,0.333,0.333,0.333,0.333,0.000
1870,12951698.774,2,2,377,0,0,0,0,0,0.037,377,361,0.442,0.750,0.750,0.750,0.571,0.333,0.333,0.333,0.333,0.333,0.750,0.750,0.750,0.571,0.333,0.333,0.333,0.333,0.333
1871,12951698.847,2,2,378,0,0,0,0,0,0.037,378,377,0.601,0.857,0.857,0.667,0.667,0.667,0.400,0.400,0.400,0.400,0.857,0.857,0.667,0.667,0.667,0.400,0.400,0.400,0.400
1872,12951698.919,2,2,367,0,0,0,0,0,0.030,367,378,0.768,0.667,0.667,0.667,0.667,0.667,0.667,0.400,0.400,0.400,0.667,0.667,0.667,0.667,0.667,0.667,0.400,0.400,0.400
1873,12951698.995,2,2,369,0,0,0,0,0,0.038,369,367,1.077,0.800,0.800,0.800,0.800,0.800,0.800,0.500,0.500,0.500,0.800,0.800,0.800,0.800,0.800,0.800,0.500,0.500,0.500
1874,12951699.069,2,2,369,0,0,0,0,0,0.035,369,369,0.221,0.667,0.400,0.400,0.400,0.400,0.400,0.400,0.400,0.400,0.667,0.400,0.400,0.400,0.400,0.400,0.400,0.400,0.400
1875,12951699.142,2,2,372,0,0,0,0,0,0.040,372,369,0.776,0.667,0.667,0.400,0.400,0.400,0.400,0.400,0.400,0.400,0.667,0.667,0.400,0.400,0.400,0.400,0.400,0.400,0.400
1876,12951699.215,2,2,367,0,0,0,0,0,0.033,367,372,0.575,0.857,0.857,0.857,0.857,0.400,0.400,0.400,0.400,0.400,0.857,0.857,0.857,0.857,0.400,0.400,0.400,0.400,0.400
1877,12951699.287,3,2,371,0,0,0,0,0,0.035,371,367,0.846,0.333,0.400,0.400,0.400,0.400,0.400,0.400,0.400,0.400,0.000,0.000,0.000,0.000,0.000,0.000,0.000,0.000,0.000
1878,12951699.362,2,2,367,0,0,0,0,1,0.027,368,371,0.656,0.400,0.400,0.400,0.400,0.400,0.400,0.400,0.400,0.400,0.400,0.400,0.400,0.400,0.400,0.400,0.400,0.400,0.400
1879,12951699.436,2,2,367,0,0,0,0,0,0.044,367,368,0.551,0.857,0.857,0.667,0.400,0.400,0.400,0.400,0.400,0.400,0.857,0.857,0.667,0.400,0.400,0.400,0.400,0.400,0.400
1880,12951699.508,2,2,363,0,0,0,0,0,0.033,363,367,0.700,0.667,0.667,0.667,0.667,0.667,0.400,0.400,0.400,0.400,0.667,0.667,0.667,0.667,0.667,0.400,0.400,0.400,0.400
1881,12951699.579,2,2,374,0,0,0,0,0,0.029,374,363,0.573,0.800,0.800,0.800,0.800,0.800,0.500,0.500,0.500,0.500,0.800,0.800,0.800,0.800,0.800,0.500,0.500,0.500,0.500
1882,12951699.655,3,3,375,0,0,0,0,0,0.035,375,374,0.452,0.750,0.857,0.667,0.667,0.667,0.400,0.400,0.400,0.400,0.750,0.857,0.667,0.667,0.667,0.400,0.400,0.400,0.400
1883,12951699.729,2,2,366,0,0,0,0,0,0.027,366,375,0.846,0.571,0.571,0.571,0.571,0.571,0.333,0.333,0.333,0.333,0.571,0.571,0.571,0.571,0.571,0.333,0.333,0.333,0.333
1884,12951699.802,2,2,369,0,0,0,0,0,0.022,369,366,0.397,0.800,0.800,0.800,0.800,0.800,0.500,0.500,0.500,0.000,0.800,0.800,0.800,0.800,0.800,0.500,0.500,0.500,0.000
1885,12951699.874,2,2,360,0,0,0,0,0,0.025,360,369,0.673,0.400,0.400,0.400,0.400,0.400,0.400,0.400,0.000,0.000,0.400,0.400,0.400,0.400,0.400,0.400,0.400,0.000,0.000
1886,12951699.949,2,2,371,0,0,0,0,0,0.035,371,360,0.586,0.571,0.333,0.333,0.333,0.333,0.333,0.333,0.333,0.333,0.571,0.333,0.333,0.333,0.333,0.333,0.333,0.333,0.333
1887,12951700.023,2,2,361,0,0,0,0,0,0.030,361,371,0.729,0.667,0.667,0.667,0.667,0.667,0.400,0.400,0.400,0.400,0.667,0.667,0.667,0.667,0.667,0.400,0.400,0.400,0.400
1888,12951700.097,2,2,361,0,0,0,0,0,0.025,361,361,0.468,0.667,0.667,0.667,0.667,0.400,0.400,0.400,0.400,0.400,0.667,0.667,0.667,0.667,0.400,0.400,0.400,0.400,0.400
1889,12951700.170,2,2,356,0,0,0,0,0,0.031,356,361,0.543,0.667,0.667,0.667,0.667,0.667,0.400,0.400,0.400,0.400,0.667,0.667,0.667,0.667,0.667,0.400,0.400,0.400,0.400
1890,12951700.240,2,2,359,0,0,0,0,0,0.031,359,356,0.853,0.667,0.667,0.400,0.400,0.400,0.400,0.400,0.400,0.400,0.667,0.667,0.400,0.400,0.400,0.400,0.400,0.400,0.400
1891,12951700.315,2,2,357,0,0,0,0,0,0.014,357,359,0.543,0.500,0.500,0.500,0.500,0.500,0.500,0.500,0.500,0.500,0.500,0.500,0.500,0.500,0.500,0.500,0.500,0.500,0.500
1892,12951700.388,2,2,357,0,0,0,0,0,0.022,357,357,0.532,0.400,0.400,0.400,0.400,0.400,0.400,0.400,0.400,0.400,0.400,0.400,0.400,0.400,0.400,0.400,0.400,0.400,0.400
1893,12951700.459,2,2,373,0,0,0,0,0,0.024,373,357,0.726,0.667,0.667,0.400,0.400,0.400,0.400,0.400,0.400,0.400,0.667,0.667,0.400,0.400,0.400,0.400,0.400,0.400,0.400
1894,12951700.535,3,3,372,0,0,0,0,0,0.024,372,373,0.436,0.286,0.333,0.333,0.333,0.333,0.333,0.333,0.333,0.333,0.286,0.333,0.333,0.333,0.333,0.333,0.333,0.333,0.333
1895,12951700.608,2,2,365,0,0,0,0,0,0.014,365,372,0.575,0.500,0.500,0.500,0.500,0.500,0.500,0.000,0.000,0.000,0.500,0.500,0.500,0.500,0.500,0.500,0.000,0.000,0.000
1896,12951700.682,2,2,370,0,0,0,0,0,0.027,370,365,0.721,0.571,0.571,0.333,0.333,0.333,0.333,0.000,0.000,0.000,0.571,0.571,0.333,0.333,0.333,0.333,0.000,0.000,0.000
1897,12951700.755,2,2,359,0,0,0,0,0,0.036,359,370,0.623,0.500,0.500,0.333,0.333,0.333,0.333,0.333,0.333,0.333,0.500,0.500,0.333,0.333,0.333,0.333,0.333,0.333,0.333
1898,12951700.827,2,2,376,0,0,0,0,0,0.016,376,359,0.349,0.500,0.500,0.500,0.500,0.500,0.500,0.500,0.500,0.500,0.500,0.500,0.500,0.500,0.500,0.500,0.500,0.500,0.500
1899,12951700.901,2,2,363,0,0,0,0,0,0.011,363,376,0.851,0.667,0.667,0.667,0.667,0.667,0.667,0.000,0.000,0.000,0.667,0.667,0.667,0.667,0.667,0.667,0.000,0.000,0.000
1900,12951700.975,2,2,362,0,0,0,0,0,0.033,362,363,0.659,0.400,0.400,0.400,0.400,0.400,0.400,0.400,0.400,0.400,0.400,0.400,0.400,0.400,0.400,0.400,0.400,0.400,0.400
1901,12951701.048,2,2,361,0,0,0,0,0,0.030,361,362,0.788,0.333,0.333,0.333,0.333,0.333,0.333,0.333,0.333,0.333,0.333,0.333,0.333,0.333,0.333,0.333,0.333,0.333,0.333
1902,12951701.119,2,2,362,0,0,0,0,0,0.019,362,361,0.535,0.667,0.667,0.400,0.400,0.400,0.400,0.400,0.400,0.400,0.667,0.667,0.400,0.400,0.400,0.400,0.400,0.400,0.400
1903,12951701.195,2,2,365,0,0,0,0,0,0.022,365,362,0.538,0.400,0.400,0.400,0.400,0.400,0.400,0.400,0.400,0.400,0.400,0.400,0.400,0.400,0.400,0.400,0.400,0.400,0.400
1904,12951701.268,2,2,356,0,0,0,0,0,0.020,356,365,0.524,0.667,0.667,0.400,0.400,0.400,0.400,0.400,0.400,0.400,0.667,0.667,0.400,0.400,0.400,0.400,0.400,0.400,0.400
1905,12951701.340,2,2,347,0,0,0,0,0,0.023,347,356,0.508,0.500,0.500,0.500,0.500,0.500,0.500,0.500,0.500,0.500,0.500,0.500,0.500,0.500,0.500,0.500,0.500,0.500,0.500
1906,12951701.413,2,2,348,0,0,0,0,0,0.032,348,347,0.635,0.667,0.400,0.400,0.400,0.400,0.400,0.400,0.400,0.400,0.667,0.400,0.400,0.400,0.400,0.400,0.400,0.400,0.400
1907,12951701.488,2,2,339,0,0,0,0,0,0.029,339,348,0.483,0.400,0.400,0.400,0.400,0.400,0.400,0.400,0.400,0.400,0.400,0.400,0.400,0.400,0.400,0.400,0.400,0.400,0.400
1908,12951701.562,2,2,339,0,0,0,0,0,0.029,339,339,0.668,0.333,0.333,0.333,0.333,0.333,0.333,0.333,0.333,0.333,0.333,0.333,0.333,0.333,0.333,0.333,0.333,0.333,0.333
1909,12951701.637,2,2,325,0,0,0,0,0,0.018,325,339,0.925,0.400,0.400,0.400,0.400,0.400,0.400,0.400,0.400,0.400,0.400,0.400,0.400,0.400,0.400,0.400,0.400,0.400,0.400
1910,12951701.708,2,2,340,0,0,0,0,0,0.029,340,325,0.676,0.400,0.400,0.400,0.400,0.400,0.400,0.400,0.400,0.400,0.400,0.400,0.400,0.400,0.400,0.400,0.400,0.400,0.400
1911,12951701.858,2,2,334,0,0,0,0,0,0.021,334,340,0.622,0.667,0.400,0.400,0.400,0.400,0.400,0.400,0.400,0.400,0.667,0.400,0.400,0.400,0.400,0.400,0.400,0.400,0.400
1912,12951701.931,2,2,352,0,0,0,0,0,0.034,352,334,0.504,0.400,0.400,0.400,0.400,0.400,0.400,0.400,0.400,0.400,0.400,0.400,0.400,0.400,0.400,0.400,0.400,0.400,0.400
1913,12951702.003,2,2,352,0,0,0,0,0,0.026,352,352,0.598,0.500,0.500,0.500,0.500,0.500,0.500,0.500,0.500,0.500,0.500,0.500,0.500,0.500,0.500,0.500,0.500,0.500,0.500
1914,12951702.078,2,2,342,0,0,0,0,0,0.026,342,352,0.592,0.333,0.333,0.333,0.333,0.333,0.333,0.333,0.333,0.333,0.333,0.333,0.333,0.333,0.333,0.333,0.333,0.333,0.333
1915,12951702.152,2,2,351,0,0,0,0,0,0.034,351,342,0.590,0.333,0.333,0.333,0.333,0.333,0.333,0.333,0.333,0.333,0.333,0.333,0.333,0.333,0.333,0.333,0.333,0.333,0.333
1916,12951702.225,2,2,350,0,0,0,0,0,0.034,350,351,0.718,0.750,0.750,0.571,0.333,0.333,0.333,0.333,0.333,0.333,0.750,0.750,0.571,0.333,0.333,0.333,0.333,0.333,0.333
1917,12951702.299,2,2,349,0,0,0,0,0,0.023,349,350,0.685,0.857,0.857,0.667,0.400,0.400,0.400,0.400,0.000,0.000,0.857,0.857,0.667,0.400,0.400,0.400,0.400,0.000,0.000
1918,12951702.372,2,2,344,0,0,0,0,0,0.023,344,349,0.771,0.500,0.500,0.500,0.500,0.500,0.500,0.500,0.500,0.500,0.500,0.500,0.500,0.500,0.500,0.500,0.500,0.500,0.500
1919,12951702.445,2,2,346,0,0,0,0,0,0.026,346,344,0.112,0.333,0.333,0.333,0.333,0.333,0.333,0.333,0.333,0.333,0.333,0.333,0.333,0.333,0.333,0.333,0.333,0.333,0.333
1920,12951702.519,2,2,356,0,0,0,0,0,0.039,356,346,0.641,0.571,0.571,0.333,0.333,0.333,0.333,0.333,0.333,0.333,0.571,0.571,0.333,0.333,0.333,0.333,0.333,0.333,0.333
1921,12951702.591,2,2,355,0,0,0,0,0,0.023,355,356,0.550,0.333,0.333,0.333,0.333,0.333,0.333,0.333,0.333,0.333,0.333,0.333,0.333,0.333,0.333,0.333,0.333,0.333,0.333
1922,12951702.666,2,2,346,0,0,0,0,0,0.023,346,355,0.499,0.857,0.857,0.400,0.400,0.400,0.400,0.400,0.400,0.400,0.857,0.857,0.400,0.400,0.400,0.400,0.400,0.400,0.400
1923,12951702.742,2,2,356,0,0,0,0,0,0.039,356,346,0.669,0.667,0.400,0.400,0.400,0.400,0.400,0.400,0.400,0.400,0.667,0.400,0.400,0.400,0.400,0.400,0.400,0.400,0.400
1924,12951702.814,2,2,364,0,0,0,0,0,0.047,364,356,0.636,0.571,0.571,0.333,0.333,0.333,0.333,0.333,0.333,0.333,0.571,0.571,0.333,0.333,0.333,0.333,0.333,0.333,0.333
1925,12951702.886,2,2,364,0,0,0,0,0,0.030,364,364,0.575,0.889,0.571,0.571,0.571,0.333,0.333,0.333,0.333,0.333,0.889,0.571,0.571,0.571,0.333,0.333,0.333,0.333,0.333
1926,12951702.961,2,2,357,0,0,0,0,0,0.022,357,364,0.579,0.500,0.500,0.500,0.500,0.500,0.500,0.500,0.500,0.500,0.500,0.500,0.500,0.500,0.500,0.500,0.500,0.500,0.500
1927,12951703.035,2,2,365,0,0,0,0,0,0.036,365,357,0.592,0.750,0.571,0.333,0.333,0.333,0.333,0.333,0.333,0.333,0.750,0.571,0.333,0.333,0.333,0.333,0.333,0.333,0.333
1928,12951703.109,2,2,357,0,0,0,0,0,0.020,357,365,0.850,0.667,0.667,0.667,0.667,0.400,0.400,0.400,0.400,0.400,0.667,0.667,0.667,0.667,0.400,0.400,0.400,0.400,0.400
1929,12951703.182,2,2,359,0,0,0,0,0,0.017,359,357,0.721,0.500,0.500,0.500,0.500,0.500,0.500,0.500,0.500,0.500,0.500,0.500,0.500,0.500,0.500,0.500,0.500,0.500,0.500
1930,12951703.253,2,2,360,0,0,0,0,0,0.022,360,359,0.403,0.400,0.400,0.400,0.400,0.400,0.400,0.400,0.400,0.400,0.400,0.400,0.400,0.400,0.400,0.400,0.400,0.400,0.400
1931,12951703.328,2,2,360,0,0,0,0,0,0.019,360,360,0.459,0.400,0.400,0.400,0.400,0.400,0.400,0.400,0.400,0.400,0.400,0.400,0.400,0.400,0.400,0.400,0.400,0.400,0.400
1932,12951703.402,2,2,373,0,0,0,0,0,0.016,373,360,0.619,0.800,0.800,0.800,0.500,0.500,0.500,0.500,0.000,0.000,0.800,0.800,0.800,0.500,0.500,0.500,0.500,0.000,0.000
1933,12951703.474,4,4,367,0,0,0,0,0,0.019,367,373,0.083,0.571,0.571,0.667,0.667,0.400,0.400,0.400,0.000,0.000,0.571,0.571,0.667,0.667,0.400,0.400,0.400,0.000,0.000
1934,12951703.545,2,2,356,0,0,0,0,0,0.025,356,367,0.481,0.571,0.571,0.571,0.333,0.333,0.333,0.333,0.333,0.000,0.571,0.571,0.571,0.333,0.333,0.333,0.333,0.333,0.000
1935,12951703.621,2,2,368,0,0,0,0,0,0.027,368,356,0.539,0.667,0.667,0.667,0.400,0.400,0.400,0.400,0.400,0.400,0.667,0.667,0.667,0.400,0.400,0.400,0.400,0.400,0.400
1936,12951703.695,2,2,349,0,0,0,0,0,0.014,349,368,0.704,0.800,0.800,0.800,0.500,0.500,0.500,0.000,0.000,0.000,0.800,0.800,0.800,0.500,0.500,0.500,0.000,0.000,0.000
1937,12951703.767,2,2,367,0,0,0,0,0,0.014,367,349,0.504,0.400,0.400,0.400,0.400,0.000,0.000,0.000,0.000,0.000,0.400,0.400,0.400,0.400,0.000,0.000,0.000,0.000,0.000
1938,12951703.841,2,2,360,0,0,0,0,0,0.017,360,367,0.689,0.500,0.500,0.500,0.500,0.500,0.500,0.500,0.000,0.000,0.000,0.000,0.000,0.000,0.000,0.000,0.000,0.000,0.000
1939,12951703.913,2,2,363,0,0,0,0,0,0.017,363,360,0.299,0.500,0.500,0.500,0.500,0.500,0.500,0.500,0.500,0.500,0.500,0.500,0.500,0.500,0.500,0.500,0.500,0.500,0.500
1940,12951703.987,2,2,373,0,0,0,0,0,0.019,373,363,0.790,0.800,0.800,0.500,0.500,0.500,0.500,0.500,0.500,0.000,0.800,0.800,0.500,0.500,0.500,0.500,0.500,0.500,0.000
1941,12951704.061,2,2,367,0,0,0,0,0,0.016,367,373,0.547,0.800,0.800,0.800,0.800,0.500,0.500,0.000,0.000,0.000,0.800,0.800,0.800,0.800,0.500,0.500,0.000,0.000,0.000
1942,12951704.134,2,2,363,0,0,0,0,0,0.019,363,367,0.585,0.667,0.667,0.667,0.400,0.400,0.400,0.400,0.400,0.400,0.667,0.667,0.667,0.400,0.400,0.400,0.400,0.400,0.400
1943,12951704.209,2,2,359,0,0,0,0,0,0.025,359,363,0.105,0.400,0.400,0.400,0.400,0.400,0.400,0.400,0.400,0.400,0.400,0.400,0.400,0.400,0.400,0.400,0.400,0.400,0.400
1944,12951704.284,2,2,343,0,0,0,0,0,0.012,343,359,0.462,0.667,0.667,0.667,0.667,0.667,0.667,0.667,0.667,0.667,0.667,0.667,0.667,0.667,0.667,0.667,0.667,0.667,0.667
1945,12951704.357,2,2,358,0,0,0,0,0,0.022,358,343,0.528,0.500,0.500,0.500,0.500,0.500,0.500,0.500,0.500,0.500,0.500,0.500,0.500,0.500,0.500,0.500,0.500,0.500,0.500
1946,12951704.429,2,2,363,0,0,0,0,0,0.019,363,358,0.568,0.400,0.400,0.400,0.400,0.400,0.400,0.400,0.400,0.400,0.400,0.400,0.400,0.400,0.400,0.400,0.400,0.400,0.400
1947,12951704.505,2,2,363,0,0,0,0,0,0.017,363,363,0.603,0.500,0.500,0.500,0.500,0.500,0.500,0.500,0.500,0.500,0.500,0.500,0.500,0.500,0.500,0.500,0.500,0.500,0.500
1948,12951704.578,2,2,349,0,0,0,0,0,0.017,349,363,0.422,0.500,0.500,0.500,0.500,0.500,0.500,0.500,0.000,0.000,0.500,0.500,0.500,0.500,0.500,0.500,0.500,0.000,0.000
1949,12951704.650,3,3,364,0,0,0,0,0,0.027,364,349,0.786,0.571,0.667,0.400,0.400,0.400,0.400,0.400,0.400,0.400,0.571,0.667,0.400,0.400,0.400,0.400,0.400,0.400,0.400
1950,12951704.723,2,2,376,0,0,0,0,0,0.029,376,364,0.799,0.500,0.500,0.500,0.500,0.500,0.500,0.500,0.500,0.500,0.500,0.500,0.500,0.500,0.500,0.500,0.500,0.500,0.500
1951,12951704.797,2,2,359,0,0,0,0,0,0.017,359,376,0.613,0.500,0.500,0.500,0.500,0.500,0.500,0.500,0.500,0.500,0.500,0.500,0.500,0.500,0.500,0.500,0.500,0.500,0.500
1952,12951704.872,2,2,364,0,0,0,0,0,0.016,364,359,0.474,0.800,0.800,0.500,0.500,0.500,0.500,0.500,0.500,0.500,0.800,0.800,0.500,0.500,0.500,0.500,0.500,0.500,0.500
1953,12951704.945,2,2,365,0,0,0,0,0,0.022,365,364,0.356,0.400,0.400,0.400,0.400,0.400,0.400,0.400,0.400,0.400,0.400,0.400,0.400,0.400,0.400,0.400,0.400,0.400,0.400
1954,12951705.017,2,2,353,0,0,0,0,0,0.014,353,365,0.436,0.500,0.500,0.500,0.500,0.500,0.500,0.500,0.500,0.500,0.500,0.500,0.500,0.500,0.500,0.500,0.500,0.500,0.500
1955,12951705.091,2,2,368,0,0,0,0,0,0.014,368,353,0.500,0.500,0.500,0.500,0.500,0.500,0.500,0.500,0.500,0.500,0.500,0.500,0.500,0.500,0.500,0.500,0.500,0.500,0.500
1956,12951705.166,2,2,361,0,0,0,0,0,0.014,361,368,0.498,0.500,0.500,0.500,0.500,0.500,0.500,0.500,0.500,0.500,0.500,0.500,0.500,0.500,0.500,0.500,0.500,0.500,0.500
1957,12951705.239,2,2,352,0,0,0,0,0,0.014,352,361,0.872,0.500,0.500,0.500,0.500,0.500,0.500,0.500,0.500,0.500,0.500,0.500,0.500,0.500,0.500,0.500,0.500,0.500,0.500
1958,12951705.311,2,2,366,0,0,0,0,0,0.022,366,352,0.516,0.400,0.400,0.400,0.400,0.400,0.400,0.400,0.400,0.400,0.400,0.400,0.400,0.400,0.400,0.400,0.400,0.400,0.400
1959,12951705.382,2,2,364,0,0,0,0,0,0.022,364,366,0.615,0.400,0.400,0.400,0.400,0.400,0.400,0.400,0.400,0.400,0.400,0.400,0.400,0.400,0.400,0.400,0.400,0.400,0.400
1960,12951705.457,2,2,361,0,0,0,0,0,0.025,361,364,0.129,0.857,0.857,0.400,0.400,0.400,0.400,0.400,0.400,0.400,0.857,0.857,0.400,0.400,0.400,0.400,0.400,0.400,0.400
1961,12951705.531,2,2,372,0,0,0,0,0,0.022,372,361,0.424,0.857,0.857,0.857,0.400,0.400,0.400,0.400,0.400,0.400,0.571,0.571,0.571,0.000,0.000,0.000,0.000,0.000,0.000
1962,12951705.604,2,2,368,0,0,0,0,0,0.024,368,372,0.759,0.400,0.400,0.400,0.400,0.400,0.400,0.400,0.400,0.400,0.400,0.400,0.400,0.400,0.400,0.400,0.400,0.400,0.400
1963,12951705.676,2,2,353,0,0,0,0,0,0.014,353,368,0.567,0.500,0.500,0.500,0.500,0.500,0.500,0.500,0.500,0.500,0.000,0.000,0.000,0.000,0.000,0.000,0.000,0.000,0.000
1964,12951705.749,2,2,367,0,0,0,0,0,0.022,367,353,0.738,0.400,0.400,0.400,0.400,0.400,0.400,0.400,0.400,0.400,0.000,0.000,0.000,0.000,0.000,0.000,0.000,0.000,0.000
1965,12951705.823,2,2,360,0,0,0,0,0,0.028,360,367,0.756,0.667,0.667,0.400,0.400,0.400,0.400,0.400,0.400,0.400,0.333,0.333,0.000,0.000,0.000,0.000,0.000,0.000,0.000
1966,12951705.896,2,2,354,0,0,0,0,0,0.020,354,360,0.540,0.400,0.400,0.400,0.400,0.400,0.400,0.400,0.400,0.400,0.400,0.400,0.400,0.400,0.400,0.400,0.400,0.400,0.400
1967,12951705.968,2,2,355,0,0,0,0,0,0.020,355,354,0.518,0.800,0.800,0.500,0.500,0.500,0.500,0.500,0.500,0.500,0.800,0.800,0.500,0.500,0.500,0.500,0.500,0.500,0.500
1968,12951706.043,2,2,357,0,0,0,0,0,0.025,357,355,0.422,0.667,0.400,0.400,0.400,0.400,0.400,0.400,0.400,0.400,0.667,0.400,0.400,0.400,0.400,0.400,0.400,0.400,0.400
1969,12951706.116,2,2,344,0,0,0,0,0,0.029,344,357,0.735,0.667,0.667,0.400,0.400,0.400,0.400,0.400,0.400,0.400,0.667,0.667,0.400,0.400,0.400,0.400,0.400,0.400,0.400
1970,12951706.188,2,2,337,0,0,0,0,0,0.021,337,344,0.613,0.667,0.667,0.667,0.400,0.400,0.400,0.400,0.400,0.400,0.667,0.667,0.667,0.400,0.400,0.400,0.400,0.400,0.400
1971,12951706.262,2,2,358,0,0,0,0,0,0.022,358,337,0.861,0.571,0.571,0.571,0.333,0.333,0.333,0.333,0.333,0.000,0.571,0.571,0.571,0.333,0.333,0.333,0.333,0.333,0.000
1972,12951706.337,2,2,351,0,0,0,0,0,0.017,351,358,0.773,0.400,0.400,0.400,0.400,0.400,0.400,0.400,0.000,0.000,0.400,0.400,0.400,0.400,0.400,0.400,0.400,0.000,0.000
1973,12951706.411,2,2,346,0,0,0,0,0,0.020,346,351,0.721,0.400,0.400,0.400,0.400,0.400,0.400,0.400,0.400,0.400,0.400,0.400,0.400,0.400,0.400,0.400,0.400,0.400,0.400
1974,12951706.484,2,2,350,0,0,0,0,0,0.020,350,346,0.588,0.400,0.400,0.400,0.400,0.400,0.400,0.400,0.400,0.400,0.400,0.400,0.400,0.400,0.400,0.400,0.400,0.400,0.400
1975,12951706.557,2,2,349,0,0,0,0,0,0.020,349,350,0.593,0.400,0.400,0.400,0.400,0.400,0.400,0.400,0.400,0.400,0.400,0.400,0.400,0.400,0.400,0.400,0.400,0.400,0.400
1976,12951706.632,2,10,355,0,0,0,0,0,0.020,355,349,0.304,0.333,0.333,0.333,0.333,0.333,0.333,0.333,0.333,0.333,0.000,0.000,0.000,0.000,0.000,0.000,0.000,0.000,0.333
1977,12951706.706,2,2,341,0,0,0,0,0,0.015,341,355,0.426,0.667,0.667,0.400,0.400,0.400,0.400,0.000,0.000,0.000,0.667,0.667,0.400,0.400,0.400,0.400,0.000,0.000,0.000
1978,12951706.779,2,2,352,0,0,0,0,0,0.020,352,341,0.650,0.400,0.400,0.400,0.400,0.400,0.400,0.400,0.000,0.000,0.400,0.400,0.400,0.400,0.400,0.400,0.400,0.000,0.000
1979,12951706.851,2,2,335,0,0,0,0,0,0.024,335,352,0.808,0.667,0.400,0.400,0.400,0.400,0.400,0.400,0.400,0.400,0.667,0.400,0.400,0.400,0.400,0.400,0.400,0.400,0.400
1980,12951706.925,2,2,350,0,0,0,0,0,0.023,350,335,0.724,0.571,0.571,0.571,0.333,0.333,0.333,0.333,0.000,0.000,0.571,0.571,0.571,0.333,0.333,0.333,0.333,0.000,0.000
1981,12951706.999,2,2,351,0,0,0,0,0,0.017,351,350,0.144,0.571,0.571,0.333,0.333,0.333,0.000,0.000,0.000,0.000,0.571,0.571,0.333,0.333,0.333,0.000,0.000,0.000,0.000
1982,12951707.073,2,2,350,0,0,0,0,0,0.011,350,351,1.063,1.000,1.000,1.000,1.000,1.000,0.000,0.000,0.000,0.000,1.000,1.000,1.000,1.000,1.000,0.000,0.000,0.000,0.000
1983,12951707.217,2,2,347,0,0,0,0,0,0.020,347,350,0.547,0.500,0.500,0.500,0.500,0.500,0.500,0.500,0.500,0.000,0.500,0.500,0.500,0.500,0.500,0.500,0.500,0.500,0.000
1984,12951707.291,2,2,358,0,0,0,0,0,0.014,358,347,0.527,0.500,0.500,0.500,0.500,0.500,0.500,0.500,0.000,0.000,0.500,0.500,0.500,0.500,0.500,0.500,0.500,0.000,0.000
1985,12951707.365,2,2,359,0,0,0,0,0,0.017,359,358,0.475,0.500,0.500,0.500,0.500,0.500,0.500,0.000,0.000,0.000,0.500,0.500,0.500,0.500,0.500,0.500,0.000,0.000,0.000
1986,12951707.437,2,2,368,0,0,0,0,0,0.014,368,359,0.742,0.500,0.500,0.500,0.500,0.500,0.500,0.500,0.000,0.000,0.500,0.500,0.500,0.500,0.500,0.500,0.500,0.000,0.000
1987,12951707.509,2,2,369,0,0,0,0,0,0.022,369,368,0.894,0.667,0.667,0.400,0.400,0.400,0.400,0.400,0.400,0.400,0.667,0.667,0.400,0.400,0.400,0.400,0.400,0.400,0.400
1988,12951707.584,2,2,369,0,0,0,0,0,0.016,369,369,0.673,0.667,0.667,0.667,0.400,0.400,0.400,0.400,0.400,0.000,0.667,0.667,0.667,0.400,0.400,0.400,0.400,0.000,0.000
1989,12951707.657,2,8,347,0,0,0,0,0,0.012,347,369,0.423,0.500,0.500,0.500,0.500,0.500,0.500,0.500,0.000,0.000,0.000,0.000,0.000,0.000,0.000,0.000,0.500,0.000,0.000
1990,12951707.730,2,9,359,0,0,0,0,0,0.014,359,347,0.199,0.800,0.800,0.500,0.500,0.500,0.500,0.500,0.500,0.000,0.400,0.400,0.000,0.000,0.000,0.000,0.000,0.500,0.000
1991,12951707.802,2,5,366,0,0,0,0,0,0.014,366,359,0.501,0.500,0.500,0.500,0.500,0.500,0.500,0.500,0.000,0.000,0.000,0.000,0.000,0.500,0.500,0.500,0.500,0.000,0.000
1992,12951707.877,2,2,360,0,0,0,0,0,0.017,360,366,0.760,0.333,0.333,0.333,0.333,0.333,0.333,0.000,0.000,0.000,0.333,0.333,0.333,0.333,0.333,0.333,0.000,0.000,0.000
1993,12951707.950,2,2,365,0,0,0,0,0,0.022,365,360,0.464,0.400,0.400,0.400,0.400,0.400,0.400,0.400,0.400,0.400,0.400,0.400,0.400,0.400,0.400,0.400,0.400,0.400,0.400
1994,12951708.024,2,2,353,0,0,0,0,0,0.014,353,365,0.648,0.400,0.400,0.400,0.400,0.400,0.400,0.400,0.400,0.400,0.400,0.400,0.400,0.400,0.400,0.400,0.400,0.400,0.400
1995,12951708.096,2,2,361,0,0,0,0,0,0.017,361,353,0.804,0.400,0.400,0.400,0.400,0.400,0.400,0.400,0.400,0.000,0.000,0.000,0.000,0.000,0.000,0.000,0.000,0.000,0.000
1996,12951708.170,2,2,364,0,0,0,0,0,0.016,364,361,0.763,0.500,0.500,0.500,0.500,0.500,0.500,0.500,0.500,0.500,0.500,0.500,0.500,0.500,0.500,0.500,0.500,0.500,0.500
1997,12951708.245,2,2,358,0,0,0,0,0,0.022,358,364,0.551,0.667,0.667,0.400,0.400,0.400,0.400,0.400,0.400,0.400,0.667,0.667,0.400,0.400,0.400,0.400,0.400,0.400,0.400
1998,12951708.317,2,2,351,0,0,0,0,0,0.023,351,358,0.780,0.667,0.400,0.400,0.400,0.400,0.400,0.400,0.400,0.400,0.667,0.400,0.400,0.400,0.400,0.400,0.400,0.400,0.400
1999,12951708.390,2,2,360,0,0,0,0,0,0.008,360,351,0.592,0.500,0.500,0.500,0.500,0.500,0.500,0.500,0.000,0.000,0.500,0.500,0.500,0.500,0.500,0.500,0.500,0.000,0.000
2000,12951708.465,2,2,368,0,0,0,0,0,0.016,368,360,0.602,0.400,0.400,0.400,0.400,0.400,0.400,0.000,0.000,0.000,0.400,0.400,0.400,0.400,0.400,0.400,0.000,0.000,0.000
2001,12951708.539,2,2,376,0,0,0,0,0,0.011,376,368,0.711,0.500,0.500,0.500,0.500,0.500,0.500,0.500,0.000,0.000,0.500,0.500,0.500,0.500,0.500,0.500,0.500,0.000,0.000
2002,12951708.613,2,2,369,0,0,0,0,0,0.024,369,376,0.820,0.857,0.667,0.667,0.400,0.400,0.400,0.400,0.000,0.000,0.857,0.667,0.667,0.400,0.400,0.400,0.400,0.000,0.000
2003,12951708.685,2,2,369,0,0,0,0,0,0.030,369,369,0.769,0.857,0.667,0.667,0.667,0.667,0.400,0.400,0.400,0.400,0.857,0.667,0.667,0.667,0.667,0.400,0.400,0.400,0.400
2004,12951708.760,2,2,358,0,0,0,0,0,0.025,358,369,0.630,0.571,0.571,0.571,0.571,0.333,0.333,0.333,0.333,0.333,0.571,0.571,0.571,0.571,0.333,0.333,0.333,0.333,0.333
2005,12951708.834,2,2,355,0,0,0,0,0,0.014,355,358,0.398,0.400,0.400,0.400,0.400,0.400,0.400,0.400,0.400,0.400,0.000,0.000,0.000,0.000,0.000,0.000,0.000,0.000,0.000
2006,12951708.908,2,2,362,0,0,0,0,0,0.022,362,355,0.408,0.800,0.800,0.500,0.500,0.500,0.500,0.500,0.500,0.500,0.800,0.800,0.500,0.500,0.500,0.500,0.500,0.500,0.500
2007,12951708.980,2,2,360,0,0,0,0,0,0.014,360,362,0.306,0.500,0.500,0.500,0.500,0.500,0.500,0.500,0.500,0.500,0.500,0.500,0.500,0.500,0.500,0.500,0.500,0.500,0.500
2008,12951709.051,2,2,366,0,0,0,0,0,0.019,366,360,0.425,0.400,0.400,0.400,0.400,0.400,0.400,0.400,0.400,0.400,0.000,0.000,0.000,0.000,0.000,0.000,0.000,0.000,0.000
2009,12951709.126,2,2,366,0,0,0,0,0,0.016,366,366,0.588,0.667,0.667,0.667,0.667,0.667,0.667,0.667,0.667,0.667,0.667,0.667,0.667,0.667,0.667,0.667,0.667,0.667,0.667
2010,12951709.200,2,2,363,0,0,0,0,0,0.014,363,366,0.635,0.500,0.500,0.500,0.500,0.500,0.500,0.500,0.500,0.500,0.000,0.000,0.000,0.000,0.000,0.000,0.000,0.000,0.000
2011,12951709.272,2,2,365,0,0,0,0,0,0.014,365,363,0.323,0.400,0.400,0.400,0.400,0.400,0.400,0.400,0.400,0.400,0.000,0.000,0.000,0.000,0.000,0.000,0.000,0.000,0.000
2012,12951709.347,2,2,366,0,0,0,0,0,0.014,366,365,0.347,0.500,0.500,0.500,0.500,0.500,0.500,0.500,0.500,0.500,0.000,0.000,0.000,0.000,0.000,0.000,0.000,0.000,0.000
2013,12951709.421,2,2,358,0,0,0,0,0,0.017,358,366,0.380,0.500,0.500,0.500,0.500,0.500,0.500,0.500,0.500,0.500,0.500,0.500,0.500,0.500,0.500,0.500,0.500,0.500,0.500
2014,12951709.494,2,2,350,0,0,0,0,0,0.020,350,358,0.436,0.333,0.333,0.333,0.333,0.333,0.333,0.333,0.333,0.333,0.333,0.333,0.333,0.333,0.333,0.333,0.333,0.333,0.333
2015,12951709.568,2,2,346,0,0,0,0,0,0.014,346,350,0.410,0.667,0.667,0.667,0.667,0.667,0.667,0.667,0.667,0.667,0.667,0.667,0.667,0.667,0.667,0.667,0.667,0.667,0.667
2016,12951709.640,2,2,348,0,0,0,0,0,0.009,348,346,0.462,0.667,0.667,0.667,0.667,0.667,0.667,0.667,0.667,0.667,0.667,0.667,0.667,0.667,0.667,0.667,0.667,0.667,0.667
2017,12951709.714,2,2,358,0,0,0,0,0,0.011,358,348,0.376,0.667,0.667,0.667,0.667,0.667,0.667,0.667,0.667,0.000,0.000,0.000,0.000,0.000,0.000,0.000,0.000,0.000,0.000
2018,12951709.788,2,2,355,0,0,0,0,0,0.011,355,358,0.535,0.500,0.500,0.500,0.500,0.500,0.500,0.500,0.500,0.500,0.000,0.000,0.000,0.000,0.000,0.000,0.000,0.000,0.000
2019,12951709.861,2,9,354,0,0,0,0,0,0.008,354,355,0.228,0.667,0.667,0.667,0.667,0.667,0.667,0.667,0.667,0.000,0.000,0.000,0.000,0.000,0.000,0.000,0.000,0.667,0.000
2020,12951709.933,2,2,360,0,0,0,0,0,0.014,360,354,0.502,0.500,0.500,0.500,0.500,0.500,0.500,0.500,0.500,0.000,0.000,0.000,0.000,0.000,0.000,0.000,0.000,0.000,0.000
2021,12951710.008,2,2,374,0,0,0,0,0,0.011,374,360,0.420,0.667,0.667,0.667,0.667,0.667,0.667,0.667,0.667,0.667,0.667,0.667,0.667,0.667,0.667,0.667,0.667,0.667,0.667
2022,12951710.082,3,3,362,0,0,0,0,0,0.011,362,374,0.485,0.667,1.000,1.000,1.000,1.000,1.000,0.000,0.000,0.000,0.667,1.000,1.000,1.000,1.000,1.000,0.000,0.000,0.000
2023,12951710.154,2,2,369,0,0,0,0,0,0.016,369,362,0.536,0.500,0.500,0.500,0.500,0.500,0.000,0.000,0.000,0.000,0.500,0.500,0.500,0.500,0.500,0.000,0.000,0.000,0.000
2024,12951710.227,2,2,367,0,0,0,0,0,0.008,367,369,0.190,0.500,0.500,0.500,0.500,0.500,0.000,0.000,0.000,0.000,0.500,0.500,0.500,0.500,0.500,0.000,0.000,0.000,0.000
2025,12951710.302,2,2,357,0,0,0,0,0,0.006,357,367,0.754,0.667,0.667,0.667,0.000,0.000,0.000,0.000,0.000,0.000,0.667,0.667,0.667,0.000,0.000,0.000,0.000,0.000,0.000
2026,12951710.376,2,2,346,0,0,0,0,0,0.009,346,357,0.272,0.500,0.500,0.500,0.500,0.500,0.000,0.000,0.000,0.000,0.500,0.500,0.500,0.500,0.500,0.000,0.000,0.000,0.000
2027,12951710.450,2,2,349,0,0,0,0,0,0.011,349,346,0.457,0.500,0.500,0.500,0.500,0.500,0.500,0.000,0.000,0.000,0.500,0.500,0.500,0.500,0.500,0.500,0.000,0.000,0.000
2028,12951710.594,2,2,343,0,0,0,0,0,0.009,343,349,0.322,0.500,0.500,0.500,0.500,0.500,0.000,0.000,0.000,0.000,0.500,0.500,0.500,0.500,0.500,0.000,0.000,0.000,0.000
2029,12951710.669,2,2,343,0,0,0,0,0,0.006,343,343,0.302,0.667,0.667,0.667,0.667,0.000,0.000,0.000,0.000,0.000,0.667,0.667,0.667,0.667,0.000,0.000,0.000,0.000,0.000
2030,12951710.742,2,2,353,0,0,0,0,0,0.011,353,343,0.342,0.667,0.667,0.667,0.000,0.000,0.000,0.000,0.000,0.000,0.667,0.667,0.667,0.000,0.000,0.000,0.000,0.000,0.000
2031,12951710.814,2,2,338,0,0,0,0,0,0.018,338,353,0.600,0.500,0.500,0.500,0.500,0.500,0.000,0.000,0.000,0.000,0.500,0.500,0.500,0.500,0.500,0.000,0.000,0.000,0.000
2032,12951710.885,2,2,334,0,0,0,0,0,0.009,334,338,0.472,0.500,0.500,0.500,0.500,0.500,0.000,0.000,0.000,0.000,0.500,0.500,0.500,0.500,0.500,0.000,0.000,0.000,0.000
2033,12951710.959,2,2,338,0,0,0,0,0,0.009,338,334,0.491,0.500,0.500,0.500,0.000,0.000,0.000,0.000,0.000,0.000,0.500,0.500,0.500,0.000,0.000,0.000,0.000,0.000,0.000
2034,12951711.033,2,2,334,0,0,0,0,0,0.009,334,338,0.397,0.667,0.667,0.667,0.000,0.000,0.000,0.000,0.000,0.000,0.667,0.667,0.667,0.000,0.000,0.000,0.000,0.000,0.000
2035,12951711.106,2,2,339,0,0,0,0,0,0.006,339,334,0.474,0.667,0.667,0.667,0.000,0.000,0.000,0.000,0.000,0.000,0.667,0.667,0.667,0.000,0.000,0.000,0.000,0.000,0.000
2036,12951711.177,2,2,339,0,0,0,0,0,0.018,339,339,0.557,0.667,0.667,0.667,0.667,0.667,0.000,0.000,0.000,0.000,0.667,0.667,0.667,0.667,0.667,0.000,0.000,0.000,0.000
2037,12951711.251,2,2,340,0,0,0,0,0,0.012,340,339,0.601,0.667,0.667,0.667,0.667,0.667,0.667,0.667,0.000,0.000,0.667,0.667,0.667,0.667,0.667,0.667,0.667,0.000,0.000
2038,12951711.325,4,2,348,0,0,0,0,0,0.014,348,340,0.480,0.400,0.400,0.500,0.500,0.500,0.500,0.000,0.000,0.000,0.000,0.000,0.000,0.000,0.000,0.000,0.000,0.000,0.000
2039,12951711.398,2,2,348,0,0,0,0,0,0.014,348,348,0.592,0.500,0.500,0.500,0.500,0.500,0.000,0.000,0.000,0.000,0.000,0.000,0.000,0.000,0.000,0.000,0.000,0.000,0.000
2040,12951711.470,4,4,347,0,0,0,0,0,0.014,347,348,0.424,0.500,0.500,0.667,0.667,0.000,0.000,0.000,0.000,0.000,0.500,0.500,0.667,0.667,0.000,0.000,0.000,0.000,0.000
2041,12951711.545,5,2,354,0,0,0,0,0,0.020,354,347,0.460,0.333,0.333,0.333,0.400,0.000,0.000,0.000,0.000,0.000,0.000,0.000,0.000,0.000,0.000,0.000,0.000,0.000,0.000
2042,12951711.618,2,2,354,0,0,0,0,0,0.014,354,354,0.407,0.500,0.500,0.500,0.500,0.500,0.000,0.000,0.000,0.000,0.000,0.000,0.000,0.000,0.000,0.000,0.000,0.000,0.000
2043,12951711.691,2,2,352,0,0,0,0,0,0.017,352,354,0.348,0.000,0.000,0.000,0.000,0.000,0.000,0.000,0.000,0.000,0.000,0.000,0.000,0.000,0.000,0.000,0.000,0.000,0.000
2044,12951711.765,2,2,348,0,0,0,0,0,0.020,348,352,0.425,0.571,0.333,0.333,0.333,0.400,0.400,0.000,0.000,0.000,0.286,0.000,0.000,0.000,0.000,0.000,0.000,0.000,0.000
2045,12951711.840,2,2,344,0,0,0,0,0,0.015,344,348,0.424,0.400,0.400,0.400,0.400,0.400,0.000,0.000,0.000,0.000,0.000,0.000,0.000,0.000,0.000,0.000,0.000,0.000,0.000
2046,12951711.913,2,2,340,0,0,0,0,0,0.009,340,344,0.437,0.500,0.500,0.500,0.500,0.000,0.000,0.000,0.000,0.000,0.500,0.500,0.500,0.500,0.000,0.000,0.000,0.000,0.000
2047,12951711.986,2,2,341,0,0,0,0,0,0.006,341,340,0.346,0.000,0.000,0.000,0.000,0.000,0.000,0.000,0.000,0.000,0.000,0.000,0.000,0.000,0.000,0.000,0.000,0.000,0.000
2050,12951712.208,2,2,360,0,0,0,0,0,0.008,360,341,1.289,0.000,0.000,0.000,0.000,0.000,0.000,0.000,0.000,0.000,0.000,0.000,0.000,0.000,0.000,0.000,0.000,0.000,0.000
2051,12951712.281,2,2,354,0,0,0,0,0,0.008,354,360,1.348,0.000,0.000,0.000,0.000,0.000,0.000,0.000,0.000,0.000,0.000,0.000,0.000,0.000,0.000,0.000,0.000,0.000,0.000
2052,12951712.353,2,2,347,0,0,0,0,0,0.014,347,354,0.419,0.000,0.000,0.000,0.000,0.000,0.000,0.000,0.000,0.000,0.000,0.000,0.000,0.000,0.000,0.000,0.000,0.000,0.000
2053,12951712.426,2,2,367,0,0,0,0,0,0.011,367,347,0.432,0.000,0.000,0.000,0.000,0.000,0.000,0.000,0.000,0.000,0.000,0.000,0.000,0.000,0.000,0.000,0.000,0.000,0.000
2054,12951712.501,2,2,364,0,0,0,0,0,0.005,364,367,0.632,1.000,1.000,0.000,0.000,0.000,0.000,0.000,0.000,0.000,1.000,1.000,0.000,0.000,0.000,0.000,0.000,0.000,0.000
2055,12951712.573,2,2,353,0,0,0,0,0,0.006,353,364,0.501,0.000,0.000,0.000,0.000,0.000,0.000,0.000,0.000,0.000,0.000,0.000,0.000,0.000,0.000,0.000,0.000,0.000,0.000
2056,12951712.646,2,2,348,0,0,0,0,0,0.011,348,353,0.432,0.667,0.667,0.000,0.000,0.000,0.000,0.000,0.000,0.000,0.667,0.667,0.000,0.000,0.000,0.000,0.000,0.000,0.000
2057,12951712.717,2,2,358,0,0,0,0,0,0.006,358,348,0.461,0.000,0.000,0.000,0.000,0.000,0.000,0.000,0.000,0.000,0.000,0.000,0.000,0.000,0.000,0.000,0.000,0.000,0.000
2058,12951712.792,2,2,345,0,0,0,0,0,0.009,345,358,0.289,0.000,0.000,0.000,0.000,0.000,0.000,0.000,0.000,0.000,0.000,0.000,0.000,0.000,0.000,0.000,0.000,0.000,0.000
2059,12951712.867,2,2,344,0,0,0,0,0,0.009,344,345,0.195,0.000,0.000,0.000,0.000,0.000,0.000,0.000,0.000,0.000,0.000,0.000,0.000,0.000,0.000,0.000,0.000,0.000,0.000
2060,12951712.939,2,2,350,0,0,0,0,0,0.006,350,344,0.303,1.000,1.000,1.000,1.000,0.000,0.000,0.000,0.000,0.000,1.000,1.000,1.000,1.000,0.000,0.000,0.000,0.000,0.000
2061,12951713.012,2,2,354,0,0,0,0,0,0.011,354,350,0.522,0.667,0.667,0.667,0.667,0.667,0.000,0.000,0.000,0.000,0.667,0.667,0.667,0.667,0.667,0.000,0.000,0.000,0.000
2062,12951713.086,2,2,355,0,0,0,0,0,0.011,355,354,0.346,1.000,1.000,1.000,1.000,1.000,1.000,0.000,0.000,0.000,1.000,1.000,1.000,1.000,1.000,1.000,0.000,0.000,0.000
2063,12951713.160,2,2,359,0,0,0,0,0,0.017,359,355,0.535,0.667,0.667,0.667,0.667,0.667,0.667,0.667,0.667,0.000,0.667,0.667,0.667,0.667,0.667,0.667,0.667,0.667,0.000
2064,12951713.234,2,2,354,0,0,0,0,0,0.006,354,359,0.364,1.000,1.000,1.000,1.000,1.000,1.000,0.000,0.000,0.000,1.000,1.000,1.000,1.000,1.000,1.000,0.000,0.000,0.000
2065,12951713.306,2,2,353,0,0,0,0,0,0.011,353,354,0.374,0.667,0.667,0.667,0.667,0.667,0.000,0.000,0.000,0.000,0.667,0.667,0.667,0.667,0.667,0.000,0.000,0.000,0.000
2066,12951713.381,2,2,361,0,0,0,0,0,0.011,361,353,0.379,0.667,0.667,0.667,0.667,0.667,0.667,0.667,0.000,0.000,0.667,0.667,0.667,0.667,0.667,0.667,0.667,0.000,0.000
2067,12951713.454,2,2,347,0,0,0,0,0,0.012,347,361,0.523,0.667,0.667,0.667,0.667,0.667,0.667,0.667,0.000,0.000,0.667,0.667,0.667,0.667,0.667,0.667,0.667,0.000,0.000
2068,12951713.528,2,2,358,0,0,0,0,0,0.011,358,347,0.491,0.667,0.667,0.667,0.667,0.667,0.667,0.000,0.000,0.000,0.667,0.667,0.667,0.667,0.667,0.667,0.000,0.000,0.000
2069,12951713.599,2,2,354,0,0,0,0,0,0.006,354,358,0.716,1.000,1.000,1.000,0.000,0.000,0.000,0.000,0.000,0.000,1.000,1.000,1.000,0.000,0.000,0.000,0.000,0.000,0.000
2070,12951713.675,2,2,347,0,0,0,0,0,0.009,347,354,0.595,1.000,1.000,1.000,1.000,1.000,1.000,0.000,0.000,0.000,1.000,1.000,1.000,1.000,1.000,1.000,0.000,0.000,0.000
2071,12951713.750,2,2,355,0,0,0,0,0,0.008,355,347,0.382,0.667,0.667,0.667,0.667,0.667,0.000,0.000,0.000,0.000,0.667,0.667,0.667,0.667,0.000,0.000,0.000,0.000,0.000
2072,12951713.822,2,2,366,0,0,0,0,0,0.008,366,355,0.325,0.667,0.667,0.667,0.667,0.000,0.000,0.000,0.000,0.000,0.667,0.667,0.667,0.667,0.000,0.000,0.000,0.000,0.000
2073,12951713.894,2,2,370,0,0,0,0,0,0.008,370,366,0.391,0.667,0.667,0.667,0.667,0.667,0.000,0.000,0.000,0.000,0.667,0.667,0.667,0.667,0.667,0.000,0.000,0.000,0.000
2074,12951713.968,2,2,347,0,0,0,0,0,0.003,347,370,0.416,0.000,0.000,0.000,0.000,0.000,0.000,0.000,0.000,0.000,0.000,0.000,0.000,0.000,0.000,0.000,0.000,0.000,0.000
2075,12951714.042,2,2,372,0,0,0,0,0,0.008,372,347,0.785,0.667,0.667,0.000,0.000,0.000,0.000,0.000,0.000,0.000,0.667,0.667,0.000,0.000,0.000,0.000,0.000,0.000,0.000
2076,12951714.115,2,2,354,0,0,0,0,0,0.006,354,372,0.633,1.000,1.000,1.000,0.000,0.000,0.000,0.000,0.000,0.000,1.000,1.000,1.000,0.000,0.000,0.000,0.000,0.000,0.000
2077,12951714.259,2,2,362,0,0,0,0,0,0.008,362,354,0.429,1.000,1.000,1.000,1.000,0.000,0.000,0.000,0.000,0.000,1.000,1.000,1.000,1.000,0.000,0.000,0.000,0.000,0.000
2078,12951714.334,2,2,360,0,0,0,0,0,0.011,360,362,0.496,0.667,0.667,0.667,0.667,0.667,0.000,0.000,0.000,0.000,0.667,0.667,0.667,0.667,0.667,0.000,0.000,0.000,0.000
2079,12951714.409,2,2,343,0,0,0,0,0,0.012,343,360,0.440,1.000,1.000,1.000,1.000,1.000,1.000,0.000,0.000,0.000,1.000,1.000,1.000,1.000,1.000,1.000,0.000,0.000,0.000
2080,12951714.481,2,2,370,0,0,0,0,0,0.008,370,343,0.398,1.000,1.000,1.000,1.000,1.000,1.000,0.000,0.000,0.000,1.000,1.000,1.000,1.000,1.000,1.000,0.000,0.000,0.000
2081,12951714.552,2,2,356,0,0,0,0,0,0.011,356,370,0.427,1.000,1.000,1.000,1.000,1.000,1.000,0.000,0.000,0.000,1.000,1.000,1.000,1.000,1.000,1.000,0.000,0.000,0.000
2082,12951714.627,2,2,351,0,0,0,0,0,0.011,351,356,0.522,1.000,1.000,1.000,1.000,1.000,1.000,1.000,0.000,0.000,1.000,1.000,1.000,1.000,1.000,1.000,1.000,0.000,0.000
2083,12951714.701,2,2,344,0,0,0,0,0,0.006,344,351,0.434,1.000,1.000,1.000,1.000,1.000,1.000,0.000,0.000,0.000,1.000,1.000,1.000,1.000,1.000,1.000,0.000,0.000,0.000
2084,12951714.774,2,2,348,0,0,0,0,0,0.017,348,344,0.555,1.000,1.000,1.000,1.000,1.000,1.000,1.000,0.000,0.000,1.000,1.000,1.000,1.000,1.000,1.000,1.000,0.000,0.000
2085,12951714.847,2,2,342,0,0,0,0,0,0.018,342,348,0.627,0.667,0.667,0.667,0.667,0.667,0.667,0.667,0.667,0.667,0.667,0.667,0.667,0.667,0.667,0.667,0.667,0.667,0.667
2086,12951714.921,2,2,339,0,0,0,0,0,0.009,339,342,0.427,1.000,1.000,1.000,1.000,1.000,1.000,1.000,1.000,1.000,1.000,1.000,1.000,1.000,1.000,1.000,1.000,1.000,1.000
2087,12951714.995,2,2,342,0,0,0,0,0,0.012,342,339,0.420,1.000,1.000,1.000,1.000,1.000,1.000,1.000,1.000,1.000,1.000,1.000,1.000,1.000,1.000,1.000,1.000,1.000,1.000
2088,12951715.069,2,2,344,0,0,0,0,0,0.012,344,342,0.402,0.667,0.667,0.667,0.667,0.667,0.667,0.667,0.667,0.000,0.667,0.667,0.667,0.667,0.667,0.667,0.667,0.667,0.000
2089,12951715.141,2,2,355,0,0,0,0,0,0.014,355,344,0.856,0.667,0.667,0.667,0.667,0.667,0.667,0.000,0.000,0.000,0.667,0.667,0.667,0.667,0.667,0.667,0.000,0.000,0.000
2090,12951715.216,2,2,351,0,0,0,0,0,0.014,351,355,0.670,0.667,0.667,0.667,0.667,0.667,0.667,0.000,0.000,0.000,0.667,0.667,0.667,0.667,0.667,0.667,0.000,0.000,0.000
2091,12951715.290,2,2,336,0,0,0,0,0,0.009,336,351,0.538,1.000,1.000,1.000,1.000,0.000,0.000,0.000,0.000,0.000,1.000,1.000,1.000,1.000,0.000,0.000,0.000,0.000,0.000
2092,12951715.363,2,2,333,0,0,0,0,0,0.018,333,336,0.612,0.667,0.667,0.667,0.667,0.000,0.000,0.000,0.000,0.000,0.667,0.667,0.667,0.667,0.000,0.000,0.000,0.000,0.000
2093,12951715.435,2,2,344,0,0,0,0,0,0.012,344,333,0.584,1.000,1.000,1.000,1.000,1.000,1.000,0.000,0.000,0.000,1.000,1.000,1.000,1.000,1.000,1.000,0.000,0.000,0.000
2094,12951715.511,2,2,356,0,0,0,0,0,0.011,356,344,0.373,0.667,0.667,0.667,0.667,0.667,0.000,0.000,0.000,0.000,0.667,0.667,0.667,0.667,0.667,0.000,0.000,0.000,0.000
2095,12951715.585,2,2,352,0,0,0,0,0,0.006,352,356,0.270,1.000,1.000,1.000,1.000,1.000,0.000,0.000,0.000,0.000,1.000,1.000,1.000,1.000,1.000,0.000,0.000,0.000,0.000
2096,12951715.657,2,2,326,0,0,0,0,0,0.009,326,352,0.606,0.667,0.667,0.667,0.667,0.667,0.000,0.000,0.000,0.000,0.667,0.667,0.667,0.667,0.667,0.000,0.000,0.000,0.000
2097,12951715.730,2,2,324,0,0,0,0,0,0.006,324,326,0.462,1.000,1.000,1.000,1.000,0.000,0.000,0.000,0.000,0.000,1.000,1.000,1.000,1.000,0.000,0.000,0.000,0.000,0.000
2098,12951715.805,2,2,329,0,0,0,0,0,0.015,329,324,0.601,0.667,0.667,0.667,0.667,0.667,0.667,0.000,0.000,0.000,0.667,0.667,0.667,0.667,0.667,0.667,0.000,0.000,0.000
2099,12951715.878,2,2,349,0,0,0,0,0,0.011,349,329,0.406,0.667,0.667,0.667,0.667,0.667,0.667,0.667,0.000,0.000,0.667,0.667,0.667,0.667,0.667,0.667,0.667,0.000,0.000
2100,12951715.952,2,2,347,0,0,0,0,0,0.014,347,349,0.397,0.667,0.667,0.667,0.667,0.667,0.667,0.667,0.000,0.000,0.667,0.667,0.667,0.667,0.667,0.667,0.667,0.000,0.000
2101,12951716.024,2,2,349,0,0,0,0,0,0.014,349,347,0.546,1.000,1.000,0.667,0.667,0.667,0.667,0.000,0.000,0.000,1.000,1.000,0.667,0.667,0.667,0.667,0.000,0.000,0.000
2102,12951716.095,2,2,352,0,0,0,0,0,0.006,352,349,0.499,1.000,1.000,1.000,1.000,0.000,0.000,0.000,0.000,0.000,1.000,1.000,1.000,1.000,0.000,0.000,0.000,0.000,0.000
2103,12951716.171,2,2,363,0,0,0,0,0,0.011,363,352,0.620,0.500,0.500,0.500,0.000,0.000,0.000,0.000,0.000,0.000,0.500,0.500,0.500,0.000,0.000,0.000,0.000,0.000,0.000
2104,12951716.244,2,2,357,0,0,0,0,0,0.011,357,363,0.513,0.500,0.500,0.500,0.000,0.000,0.000,0.000,0.000,0.000,0.500,0.500,0.500,0.000,0.000,0.000,0.000,0.000,0.000
2105,12951716.316,2,2,356,0,0,0,0,0,0.006,356,357,0.416,0.000,0.000,0.000,0.000,0.000,0.000,0.000,0.000,0.000,0.000,0.000,0.000,0.000,0.000,0.000,0.000,0.000,0.000
2106,12951716.388,2,2,365,0,0,0,0,0,0.011,365,356,0.525,0.500,0.500,0.000,0.000,0.000,0.000,0.000,0.000,0.000,0.500,0.500,0.000,0.000,0.000,0.000,0.000,0.000,0.000
2107,12951716.462,2,2,344,0,0,0,0,0,0.015,344,365,0.503,0.667,0.667,0.667,0.667,0.667,0.000,0.000,0.000,0.000,0.667,0.667,0.667,0.667,0.667,0.000,0.000,0.000,0.000
2108,12951716.536,2,2,365,0,0,0,0,0,0.014,365,344,0.422,0.667,0.667,0.667,0.667,0.667,0.667,0.000,0.000,0.000,0.667,0.667,0.667,0.667,0.667,0.667,0.000,0.000,0.000
2109,12951716.610,2,2,359,0,0,0,0,0,0.011,359,365,0.716,0.667,0.667,0.667,0.667,0.667,0.667,0.000,0.000,0.000,0.667,0.667,0.667,0.667,0.667,0.667,0.000,0.000,0.000
2110,12951716.682,2,2,361,0,0,0,0,0,0.011,361,359,0.361,0.667,0.667,0.667,0.667,0.667,0.667,0.667,0.000,0.000,0.667,0.667,0.667,0.667,0.667,0.667,0.667,0.000,0.000
2111,12951716.755,2,2,361,0,0,0,0,0,0.014,361,361,0.779,0.667,0.667,0.667,0.667,0.667,0.667,0.000,0.000,0.000,0.667,0.667,0.667,0.667,0.667,0.667,0.000,0.000,0.000
2112,12951716.830,2,2,370,0,0,0,0,0,0.011,370,361,0.567,0.667,0.667,0.667,0.667,0.667,0.667,0.000,0.000,0.000,0.667,0.667,0.667,0.667,0.667,0.667,0.000,0.000,0.000
2113,12951716.903,2,2,360,0,0,0,0,0,0.008,360,370,0.618,1.000,1.000,1.000,1.000,1.000,1.000,1.000,0.000,0.000,1.000,1.000,1.000,1.000,1.000,1.000,1.000,0.000,0.000
2114,12951716.974,2,2,365,0,0,0,0,0,0.019,365,360,0.543,0.500,0.500,0.500,0.500,0.500,0.500,0.500,0.500,0.000,0.500,0.500,0.500,0.500,0.500,0.500,0.500,0.500,0.000
2115,12951717.050,2,2,375,0,0,0,0,0,0.011,375,365,0.611,0.667,0.667,0.667,0.667,0.667,0.667,0.667,0.000,0.000,0.667,0.667,0.667,0.667,0.667,0.667,0.667,0.000,0.000
2116,12951717.123,2,2,361,0,0,0,0,0,0.011,361,375,0.512,0.667,0.667,0.667,0.667,0.667,0.000,0.000,0.000,0.000,0.667,0.667,0.667,0.667,0.667,0.000,0.000,0.000,0.000
2117,12951717.196,2,2,370,0,0,0,0,0,0.008,370,361,0.612,0.667,0.667,0.667,0.667,0.000,0.000,0.000,0.000,0.000,0.667,0.667,0.667,0.667,0.000,0.000,0.000,0.000,0.000
2118,12951717.269,2,2,359,0,0,0,0,0,0.008,359,370,0.521,0.667,0.667,0.667,0.667,0.000,0.000,0.000,0.000,0.000,0.667,0.667,0.667,0.667,0.000,0.000,0.000,0.000,0.000
2119,12951717.344,2,2,363,0,0,0,0,0,0.006,363,359,0.514,0.000,0.000,0.000,0.000,0.000,0.000,0.000,0.000,0.000,0.000,0.000,0.000,0.000,0.000,0.000,0.000,0.000,0.000
2120,12951717.417,2,2,354,0,0,0,0,0,0.006,354,363,0.445,0.000,0.000,0.000,0.000,0.000,0.000,0.000,0.000,0.000,0.000,0.000,0.000,0.000,0.000,0.000,0.000,0.000,0.000
2121,12951717.491,2,2,351,0,0,0,0,0,0.006,351,354,0.473,0.667,0.667,0.000,0.000,0.000,0.000,0.000,0.000,0.000,0.667,0.667,0.000,0.000,0.000,0.000,0.000,0.000,0.000
2122,12951717.563,2,2,371,0,0,0,0,0,0.008,371,351,0.462,0.667,0.667,0.000,0.000,0.000,0.000,0.000,0.000,0.000,0.667,0.667,0.000,0.000,0.000,0.000,0.000,0.000,0.000
2123,12951717.635,2,2,348,0,0,0,0,0,0.009,348,371,1.023,0.667,0.000,0.000,0.000,0.000,0.000,0.000,0.000,0.000,0.667,0.000,0.000,0.000,0.000,0.000,0.000,0.000,0.000
2124,12951717.710,2,2,350,0,0,0,0,0,0.003,350,348,0.449,0.000,0.000,0.000,0.000,0.000,0.000,0.000,0.000,0.000,0.000,0.000,0.000,0.000,0.000,0.000,0.000,0.000,0.000
2125,12951717.783,2,2,356,0,0,0,0,0,0.008,356,350,0.582,0.667,0.667,0.000,0.000,0.000,0.000,0.000,0.000,0.000,0.667,0.667,0.000,0.000,0.000,0.000,0.000,0.000,0.000
2126,12951717.854,2,2,367,0,0,0,0,0,0.005,367,356,0.431,1.000,1.000,1.000,0.000,0.000,0.000,0.000,0.000,0.000,1.000,1.000,1.000,0.000,0.000,0.000,0.000,0.000,0.000
2127,12951717.927,2,2,358,0,0,0,0,0,0.006,358,367,0.329,0.667,0.667,0.667,0.000,0.000,0.000,0.000,0.000,0.000,0.667,0.667,0.667,0.000,0.000,0.000,0.000,0.000,0.000
2128,12951718.002,2,2,354,0,0,0,0,0,0.011,354,358,0.396,0.500,0.500,0.500,0.500,0.000,0.000,0.000,0.000,0.000,0.500,0.500,0.500,0.500,0.000,0.000,0.000,0.000,0.000
2129,12951718.075,2,2,365,0,0,0,0,0,0.014,365,354,0.381,0.500,0.500,0.500,0.500,0.500,0.000,0.000,0.000,0.000,0.500,0.500,0.500,0.500,0.500,0.000,0.000,0.000,0.000
2130,12951718.149,2,2,356,0,0,0,0,0,0.008,356,365,0.460,0.667,0.667,0.667,0.667,0.667,0.667,0.000,0.000,0.000,0.667,0.667,0.667,0.667,0.667,0.667,0.000,0.000,0.000
2131,12951718.220,2,2,354,0,0,0,0,0,0.011,354,356,0.599,0.667,0.667,0.667,0.667,0.667,0.667,0.000,0.000,0.000,0.667,0.667,0.667,0.667,0.667,0.667,0.000,0.000,0.000
2132,12951718.295,2,2,345,0,0,0,0,0,0.009,345,354,0.622,1.000,1.000,1.000,1.000,1.000,0.000,0.000,0.000,0.000,1.000,1.000,1.000,1.000,1.000,0.000,0.000,0.000,0.000
2133,12951718.370,2,2,361,0,0,0,0,0,0.008,361,345,0.650,0.667,0.667,0.667,0.667,0.000,0.000,0.000,0.000,0.000,0.667,0.667,0.667,0.667,0.000,0.000,0.000,0.000,0.000
2134,12951718.442,2,2,349,0,0,0,0,0,0.009,349,361,0.600,1.000,1.000,1.000,1.000,0.000,0.000,0.000,0.000,0.000,1.000,1.000,1.000,1.000,0.000,0.000,0.000,0.000,0.000
2135,12951718.514,2,2,360,0,0,0,0,0,0.006,360,349,0.383,1.000,1.000,1.000,1.000,1.000,0.000,0.000,0.000,0.000,1.000,1.000,1.000,1.000,1.000,0.000,0.000,0.000,0.000
2136,12951718.589,2,2,367,0,0,0,0,0,0.014,367,360,0.412,0.667,0.667,0.667,0.667,0.667,0.667,0.000,0.000,0.000,0.667,0.667,0.667,0.667,0.667,0.667,0.000,0.000,0.000
2137,12951718.663,2,2,371,0,0,0,0,0,0.011,371,367,0.621,1.000,1.000,1.000,1.000,1.000,1.000,1.000,0.000,0.000,1.000,1.000,1.000,1.000,1.000,1.000,1.000,0.000,0.000
2138,12951718.736,2,2,359,0,0,0,0,0,0.006,359,371,0.374,1.000,1.000,1.000,1.000,1.000,0.000,0.000,0.000,0.000,1.000,1.000,1.000,1.000,1.000,0.000,0.000,0.000,0.000
2139,12951718.809,2,2,357,0,0,0,0,0,0.006,357,359,0.413,1.000,1.000,1.000,0.000,0.000,0.000,0.000,0.000,0.000,1.000,1.000,1.000,0.000,0.000,0.000,0.000,0.000,0.000
2140,12951718.881,2,2,353,0,0,0,0,0,0.006,353,357,0.467,1.000,1.000,1.000,0.000,0.000,0.000,0.000,0.000,0.000,1.000,1.000,1.000,0.000,0.000,0.000,0.000,0.000,0.000
2141,12951718.954,2,2,346,0,0,0,0,0,0.014,346,353,0.443,0.800,0.800,0.500,0.000,0.000,0.000,0.000,0.000,0.000,0.800,0.800,0.500,0.000,0.000,0.000,0.000,0.000,0.000
2142,12951719.028,2,2,357,0,0,0,0,0,0.014,357,346,0.333,0.800,0.800,0.800,0.800,0.000,0.000,0.000,0.000,0.000,0.800,0.800,0.800,0.800,0.000,0.000,0.000,0.000,0.000
2143,12951719.173,2,2,351,0,0,0,0,0,0.006,351,357,0.340,0.667,0.667,0.667,0.000,0.000,0.000,0.000,0.000,0.000,0.667,0.667,0.667,0.000,0.000,0.000,0.000,0.000,0.000
2144,12951719.249,2,2,326,0,0,0,0,0,0.003,326,351,0.166,0.667,0.667,0.000,0.000,0.000,0.000,0.000,0.000,0.000,0.667,0.667,0.000,0.000,0.000,0.000,0.000,0.000,0.000
2145,12951719.321,2,2,350,0,0,0,0,0,0.011,350,326,0.352,1.000,1.000,0.667,0.667,0.667,0.000,0.000,0.000,0.000,1.000,1.000,0.667,0.667,0.667,0.000,0.000,0.000,0.000
2146,12951719.393,2,2,348,0,0,0,0,0,0.017,348,350,0.239,0.800,0.800,0.800,0.800,0.500,0.500,0.000,0.000,0.000,0.800,0.800,0.800,0.800,0.500,0.500,0.000,0.000,0.000
2147,12951719.470,2,2,324,0,0,0,0,0,0.015,324,348,0.114,0.500,0.500,0.500,0.500,0.500,0.000,0.000,0.000,0.000,0.500,0.500,0.500,0.500,0.500,0.000,0.000,0.000,0.000
2148,12951719.543,2,2,355,0,0,0,0,0,0.014,355,324,0.327,0.500,0.500,0.500,0.500,0.500,0.000,0.000,0.000,0.000,0.500,0.500,0.500,0.500,0.500,0.000,0.000,0.000,0.000
2149,12951719.617,2,2,341,0,0,0,0,0,0.015,341,355,0.432,0.500,0.500,0.500,0.500,0.500,0.000,0.000,0.000,0.000,0.500,0.500,0.500,0.500,0.500,0.000,0.000,0.000,0.000
2150,12951719.690,2,2,333,0,0,0,0,0,0.012,333,341,0.448,0.500,0.500,0.500,0.500,0.000,0.000,0.000,0.000,0.000,0.500,0.500,0.500,0.500,0.000,0.000,0.000,0.000,0.000
2151,12951719.761,2,2,342,0,0,0,0,0,0.012,342,333,0.389,0.667,0.667,0.667,0.667,0.667,0.000,0.000,0.000,0.000,0.667,0.667,0.667,0.667,0.667,0.000,0.000,0.000,0.000
2152,12951719.837,2,2,347,0,0,0,0,0,0.012,347,342,0.315,1.000,1.000,1.000,0.667,0.667,0.000,0.000,0.000,0.000,1.000,1.000,1.000,0.667,0.667,0.000,0.000,0.000,0.000
2153,12951719.912,2,2,346,0,0,0,0,0,0.009,346,347,0.204,1.000,1.000,1.000,0.667,0.000,0.000,0.000,0.000,0.000,1.000,1.000,1.000,0.667,0.000,0.000,0.000,0.000,0.000
2154,12951719.984,2,2,356,0,0,0,0,0,0.014,356,346,0.171,0.667,0.667,0.667,0.667,0.667,0.667,0.000,0.000,0.000,0.667,0.667,0.667,0.667,0.667,0.667,0.000,0.000,0.000
2155,12951720.055,2,2,351,0,0,0,0,0,0.011,351,356,0.324,1.000,1.000,1.000,1.000,0.667,0.667,0.000,0.000,0.000,1.000,1.000,1.000,1.000,0.667,0.667,0.000,0.000,0.000
2156,12951720.130,2,2,358,0,0,0,0,0,0.017,358,351,0.270,0.800,0.800,0.800,0.500,0.500,0.500,0.000,0.000,0.000,0.800,0.800,0.800,0.500,0.500,0.500,0.000,0.000,0.000
2157,12951720.204,2,2,354,0,0,0,0,0,0.014,354,358,0.150,0.500,0.500,0.500,0.000,0.000,0.000,0.000,0.000,0.000,0.500,0.500,0.500,0.000,0.000,0.000,0.000,0.000,0.000
2158,12951720.277,2,2,337,0,0,0,0,0,0.015,337,354,0.224,1.000,1.000,0.667,0.667,0.667,0.000,0.000,0.000,0.000,1.000,1.000,0.667,0.667,0.667,0.000,0.000,0.000,0.000
2159,12951720.350,2,2,354,0,0,0,0,0,0.017,354,337,0.190,0.667,0.667,0.667,0.667,0.667,0.667,0.667,0.667,0.000,0.667,0.667,0.667,0.667,0.667,0.667,0.667,0.667,0.000
2160,12951720.423,2,2,354,0,0,0,0,0,0.020,354,354,0.323,0.800,0.800,0.800,0.800,0.800,0.800,0.800,0.000,0.000,0.800,0.800,0.800,0.800,0.800,0.800,0.800,0.000,0.000
2161,12951720.497,2,2,365,0,0,0,0,0,0.014,365,354,0.162,0.500,0.500,0.500,0.500,0.500,0.500,0.000,0.000,0.000,0.500,0.500,0.500,0.500,0.500,0.500,0.000,0.000,0.000
2162,12951720.571,2,2,382,0,0,0,0,0,0.018,382,365,0.109,0.500,0.500,0.500,0.500,0.500,0.500,0.500,0.500,0.000,0.500,0.500,0.500,0.500,0.500,0.500,0.500,0.500,0.000
2163,12951720.643,2,2,354,0,0,0,0,0,0.017,354,382,0.287,0.800,0.800,0.800,0.800,0.800,0.800,0.800,0.000,0.000,0.800,0.800,0.800,0.800,0.800,0.800,0.800,0.000,0.000
2164,12951720.715,2,2,353,0,0,0,0,0,0.017,353,354,0.377,1.000,1.000,1.000,1.000,1.000,0.000,0.000,0.000,0.000,1.000,1.000,1.000,1.000,1.000,0.000,0.000,0.000,0.000
2165,12951720.790,2,2,355,0,0,0,0,0,0.017,355,353,0.334,1.000,1.000,1.000,1.000,1.000,0.667,0.000,0.000,0.000,1.000,1.000,1.000,1.000,1.000,0.667,0.000,0.000,0.000
2166,12951720.863,2,2,370,0,0,0,0,0,0.014,370,355,0.401,1.000,1.000,1.000,1.000,0.667,0.667,0.000,0.000,0.000,1.000,1.000,1.000,1.000,0.667,0.667,0.000,0.000,0.000
2167,12951720.935,2,2,364,0,0,0,0,0,0.019,364,370,0.378,1.000,1.000,1.000,1.000,1.000,0.667,0.000,0.000,0.000,1.000,1.000,1.000,1.000,1.000,0.667,0.000,0.000,0.000
2168,12951721.011,2,2,364,0,0,0,0,0,0.014,364,364,0.426,1.000,1.000,1.000,1.000,0.667,0.667,0.667,0.000,0.000,1.000,1.000,1.000,1.000,0.667,0.667,0.667,0.000,0.000
2169,12951721.085,2,2,376,0,0,0,0,0,0.011,376,364,0.370,1.000,1.000,1.000,0.667,0.000,0.000,0.000,0.000,0.000,1.000,1.000,1.000,0.667,0.000,0.000,0.000,0.000,0.000
2170,12951721.158,2,2,369,0,0,0,0,0,0.014,369,376,0.412,1.000,1.000,1.000,1.000,0.000,0.000,0.000,0.000,0.000,1.000,1.000,1.000,1.000,0.000,0.000,0.000,0.000,0.000
2171,12951721.231,2,2,361,0,0,0,0,0,0.017,361,369,0.289,1.000,1.000,1.000,1.000,1.000,0.667,0.667,0.000,0.000,1.000,1.000,1.000,1.000,1.000,0.667,0.667,0.000,0.000
2172,12951721.303,2,2,368,0,0,0,0,0,0.014,368,361,0.409,1.000,1.000,1.000,1.000,0.667,0.667,0.667,0.667,0.667,1.000,1.000,1.000,1.000,0.667,0.667,0.667,0.667,0.667
2173,12951721.378,2,2,363,0,0,0,0,0,0.011,363,368,0.213,1.000,1.000,1.000,1.000,0.667,0.667,0.667,0.667,0.000,1.000,1.000,1.000,1.000,0.667,0.667,0.667,0.667,0.000
2174,12951721.453,2,2,365,0,0,0,0,0,0.014,365,363,0.115,0.667,0.667,0.667,0.667,0.000,0.000,0.000,0.000,0.000,0.667,0.667,0.667,0.667,0.000,0.000,0.000,0.000,0.000
2175,12951721.524,2,2,360,0,0,0,0,0,0.011,360,365,0.217,0.667,0.667,0.667,0.000,0.000,0.000,0.000,0.000,0.000,0.667,0.667,0.667,0.000,0.000,0.000,0.000,0.000,0.000
2176,12951721.595,2,2,360,0,0,0,0,0,0.003,360,360,0.106,0.000,0.000,0.000,0.000,0.000,0.000,0.000,0.000,0.000,0.000,0.000,0.000,0.000,0.000,0.000,0.000,0.000,0.000
2177,12951721.671,2,2,354,0,0,0,0,0,0.006,354,360,0.230,1.000,1.000,1.000,1.000,1.000,1.000,0.000,0.000,0.000,1.000,1.000,1.000,1.000,1.000,1.000,0.000,0.000,0.000
2178,12951721.745,2,2,343,0,0,0,0,0,0.009,343,354,0.313,1.000,1.000,1.000,1.000,1.000,1.000,0.000,0.000,0.000,1.000,1.000,1.000,1.000,1.000,1.000,0.000,0.000,0.000
2179,12951721.818,2,2,345,0,0,0,0,0,0.009,345,343,0.108,0.000,0.000,0.000,0.000,0.000,0.000,0.000,0.000,0.000,0.000,0.000,0.000,0.000,0.000,0.000,0.000,0.000,0.000
2180,12951721.890,2,2,346,0,0,0,0,0,0.003,346,345,0.234,1.000,1.000,1.000,1.000,1.000,0.000,0.000,0.000,0.000,1.000,1.000,1.000,1.000,1.000,0.000,0.000,0.000,0.000
2181,12951721.964,2,2,342,0,0,0,0,0,0.003,342,346,0.033,0.000,0.000,0.000,0.000,0.000,0.000,0.000,0.000,0.000,0.000,0.000,0.000,0.000,0.000,0.000,0.000,0.000,0.000
2182,12951722.039,2,2,347,0,0,0,0,0,0.000,347,342,0.002,0.000,0.000,0.000,0.000,0.000,0.000,0.000,0.000,0.000,0.000,0.000,0.000,0.000,0.000,0.000,0.000,0.000,0.000
2183,12951722.113,2,2,363,0,0,0,0,0,0.000,363,347,0.014,0.000,0.000,0.000,0.000,0.000,0.000,0.000,0.000,0.000,0.000,0.000,0.000,0.000,0.000,0.000,0.000,0.000,0.000
2185,12951722.258,2,2,354,0,0,0,0,0,0.000,354,363,0.004,0.000,0.000,0.000,0.000,0.000,0.000,0.000,0.000,0.000,0.000,0.000,0.000,0.000,0.000,0.000,0.000,0.000,0.000
2187,12951722.407,2,2,342,0,0,0,0,0,0.000,342,354,0.002,0.000,0.000,0.000,0.000,0.000,0.000,0.000,0.000,0.000,0.000,0.000,0.000,0.000,0.000,0.000,0.000,0.000,0.000
2188,12951722.478,2,2,345,0,0,0,0,0,0.000,345,342,0.041,0.000,0.000,0.000,0.000,0.000,0.000,0.000,0.000,0.000,0.000,0.000,0.000,0.000,0.000,0.000,0.000,0.000,0.000
2189,12951722.553,2,2,343,0,0,0,0,0,0.000,343,345,0.002,0.000,0.000,0.000,0.000,0.000,0.000,0.000,0.000,0.000,0.000,0.000,0.000,0.000,0.000,0.000,0.000,0.000,0.000
2190,12951722.626,2,2,349,0,0,0,0,0,0.000,349,343,0.095,0.000,0.000,0.000,0.000,0.000,0.000,0.000,0.000,0.000,0.000,0.000,0.000,0.000,0.000,0.000,0.000,0.000,0.000
2192,12951722.774,2,2,334,0,0,0,0,0,0.000,334,349,0.006,0.000,0.000,0.000,0.000,0.000,0.000,0.000,0.000,0.000,0.000,0.000,0.000,0.000,0.000,0.000,0.000,0.000,0.000
2193,12951722.845,2,2,346,0,0,0,0,0,0.000,346,334,0.090,0.000,0.000,0.000,0.000,0.000,0.000,0.000,0.000,0.000,0.000,0.000,0.000,0.000,0.000,0.000,0.000,0.000,0.000
2194,12951722.919,2,2,346,0,0,0,0,0,0.006,346,346,0.028,0.000,0.000,0.000,0.000,0.000,0.000,0.000,0.000,0.000,0.000,0.000,0.000,0.000,0.000,0.000,0.000,0.000,0.000
2195,12951722.993,2,2,357,0,0,0,0,0,0.006,357,346,0.013,0.000,0.000,0.000,0.000,0.000,0.000,0.000,0.000,0.000,0.000,0.000,0.000,0.000,0.000,0.000,0.000,0.000,0.000
2196,12951723.065,2,2,348,0,0,0,0,0,0.003,348,357,0.176,0.000,0.000,0.000,0.000,0.000,0.000,0.000,0.000,0.000,0.000,0.000,0.000,0.000,0.000,0.000,0.000,0.000,0.000
2197,12951723.138,2,2,339,0,0,0,0,0,0.006,339,348,0.040,0.000,0.000,0.000,0.000,0.000,0.000,0.000,0.000,0.000,0.000,0.000,0.000,0.000,0.000,0.000,0.000,0.000,0.000
2198,12951723.213,2,2,345,0,0,0,0,0,0.003,345,339,0.103,0.000,0.000,0.000,0.000,0.000,0.000,0.000,0.000,0.000,0.000,0.000,0.000,0.000,0.000,0.000,0.000,0.000,0.000
2199,12951723.286,2,2,357,0,0,0,0,0,0.003,357,345,0.028,0.000,0.000,0.000,0.000,0.000,0.000,0.000,0.000,0.000,0.000,0.000,0.000,0.000,0.000,0.000,0.000,0.000,0.000
2200,12951723.359,2,2,359,0,0,0,0,0,0.008,359,357,0.055,0.667,0.667,0.000,0.000,0.000,0.000,0.000,0.000,0.000,0.667,0.667,0.000,0.000,0.000,0.000,0.000,0.000,0.000
2201,12951723.431,2,2,348,0,0,0,0,0,0.006,348,359,0.078,0.667,0.667,0.667,0.000,0.000,0.000,0.000,0.000,0.000,0.667,0.667,0.667,0.000,0.000,0.000,0.000,0.000,0.000
2202,12951723.506,2,2,336,0,0,0,0,0,0.009,336,348,0.149,0.667,0.667,0.667,0.000,0.000,0.000,0.000,0.000,0.000,0.667,0.667,0.667,0.000,0.000,0.000,0.000,0.000,0.000
2203,12951723.580,2,2,335,0,0,0,0,0,0.006,335,336,0.003,0.667,0.667,0.667,0.000,0.000,0.000,0.000,0.000,0.000,0.667,0.667,0.667,0.000,0.000,0.000,0.000,0.000,0.000
2204,12951723.654,2,2,338,0,0,0,0,0,0.006,338,335,0.086,0.000,0.000,0.000,0.000,0.000,0.000,0.000,0.000,0.000,0.000,0.000,0.000,0.000,0.000,0.000,0.000,0.000,0.000
2205,12951723.799,2,2,331,0,0,0,0,0,0.009,331,338,1.008,1.000,1.000,0.000,0.000,0.000,0.000,0.000,0.000,0.000,1.000,1.000,0.000,0.000,0.000,0.000,0.000,0.000,0.000
2206,12951723.874,2,2,340,0,0,0,0,0,0.006,340,331,0.033,0.667,0.667,0.667,0.000,0.000,0.000,0.000,0.000,0.000,0.667,0.667,0.667,0.000,0.000,0.000,0.000,0.000,0.000
2207,12951723.947,2,2,339,0,0,0,0,0,0.006,339,340,0.016,0.667,0.667,0.667,0.000,0.000,0.000,0.000,0.000,0.000,0.667,0.667,0.667,0.000,0.000,0.000,0.000,0.000,0.000
2208,12951724.019,2,2,343,0,0,0,0,0,0.006,343,339,0.074,0.000,0.000,0.000,0.000,0.000,0.000,0.000,0.000,0.000,0.000,0.000,0.000,0.000,0.000,0.000,0.000,0.000,0.000
2209,12951724.095,2,2,332,0,0,0,0,0,0.012,332,343,0.210,0.000,0.000,0.000,0.000,0.000,0.000,0.000,0.000,0.000,0.000,0.000,0.000,0.000,0.000,0.000,0.000,0.000,0.000
2210,12951724.168,2,2,342,0,0,0,0,0,0.012,342,332,0.114,0.000,0.000,0.000,0.000,0.000,0.000,0.000,0.000,0.000,0.000,0.000,0.000,0.000,0.000,0.000,0.000,0.000,0.000
2211,12951724.242,2,2,342,0,0,0,0,0,0.003,342,342,0.166,0.000,0.000,0.000,0.000,0.000,0.000,0.000,0.000,0.000,0.000,0.000,0.000,0.000,0.000,0.000,0.000,0.000,0.000
2212,12951724.315,2,2,344,0,0,0,0,0,0.006,344,342,0.248,0.000,0.000,0.000,0.000,0.000,0.000,0.000,0.000,0.000,0.000,0.000,0.000,0.000,0.000,0.000,0.000,0.000,0.000
2213,12951724.388,2,2,328,0,0,0,0,0,0.003,328,344,0.046,0.000,0.000,0.000,0.000,0.000,0.000,0.000,0.000,0.000,0.000,0.000,0.000,0.000,0.000,0.000,0.000,0.000,0.000
2214,12951724.461,2,2,337,0,0,0,0,0,0.006,337,328,0.063,0.667,0.667,0.000,0.000,0.000,0.000,0.000,0.000,0.000,0.667,0.667,0.000,0.000,0.000,0.000,0.000,0.000,0.000
2215,12951724.536,2,2,331,0,0,0,0,0,0.012,331,337,0.052,0.667,0.667,0.667,0.667,0.000,0.000,0.000,0.000,0.000,0.667,0.667,0.667,0.667,0.000,0.000,0.000,0.000,0.000
2216,12951724.608,2,2,350,0,0,0,0,0,0.009,350,331,0.018,0.667,0.667,0.667,0.667,0.667,0.000,0.000,0.000,0.000,0.667,0.667,0.667,0.667,0.667,0.000,0.000,0.000,0.000
2217,12951724.680,2,2,351,0,0,0,0,0,0.009,351,350,0.059,0.667,0.667,0.667,0.667,0.000,0.000,0.000,0.000,0.000,0.667,0.667,0.667,0.667,0.000,0.000,0.000,0.000,0.000
2218,12951724.755,2,2,354,0,0,0,0,0,0.011,354,351,0.051,0.667,0.667,0.667,0.667,0.000,0.000,0.000,0.000,0.000,0.667,0.667,0.667,0.667,0.000,0.000,0.000,0.000,0.000
2219,12951724.828,2,2,356,0,0,0,0,0,0.008,356,354,0.070,0.667,0.667,0.667,0.667,0.000,0.000,0.000,0.000,0.000,0.667,0.667,0.667,0.667,0.000,0.000,0.000,0.000,0.000
2220,12951724.900,2,2,365,0,0,0,0,0,0.011,365,356,0.020,0.667,0.667,0.667,0.667,0.667,0.000,0.000,0.000,0.000,0.667,0.667,0.667,0.667,0.667,0.000,0.000,0.000,0.000
2221,12951724.973,2,2,362,0,0,0,0,0,0.008,362,365,0.006,0.667,0.667,0.667,0.667,0.667,0.000,0.000,0.000,0.000,0.667,0.667,0.667,0.667,0.667,0.000,0.000,0.000,0.000
2222,12951725.047,2,2,363,0,0,0,0,0,0.011,363,362,0.179,0.667,0.667,0.667,0.667,0.000,0.000,0.000,0.000,0.000,0.667,0.667,0.667,0.667,0.000,0.000,0.000,0.000,0.000
2223,12951725.120,2,2,354,0,0,0,0,0,0.006,354,363,0.161,0.667,0.667,0.667,0.667,0.000,0.000,0.000,0.000,0.000,0.667,0.667,0.667,0.667,0.000,0.000,0.000,0.000,0.000
2224,12951725.193,2,2,358,0,0,0,0,0,0.011,358,354,0.007,0.000,0.000,0.000,0.000,0.000,0.000,0.000,0.000,0.000,0.000,0.000,0.000,0.000,0.000,0.000,0.000,0.000,0.000
2225,12951725.265,2,2,365,0,0,0,0,0,0.005,365,358,0.028,0.667,0.667,0.000,0.000,0.000,0.000,0.000,0.000,0.000,0.667,0.667,0.000,0.000,0.000,0.000,0.000,0.000,0.000
2226,12951725.339,2,2,356,0,0,0,0,0,0.011,356,365,0.110,0.667,0.667,0.667,0.000,0.000,0.000,0.000,0.000,0.000,0.667,0.667,0.667,0.000,0.000,0.000,0.000,0.000,0.000
2227,12951725.414,2,2,360,0,0,0,0,0,0.003,360,356,0.095,0.000,0.000,0.000,0.000,0.000,0.000,0.000,0.000,0.000,0.000,0.000,0.000,0.000,0.000,0.000,0.000,0.000,0.000
2228,12951725.487,2,2,372,0,0,0,0,0,0.005,372,360,0.018,0.000,0.000,0.000,0.000,0.000,0.000,0.000,0.000,0.000,0.000,0.000,0.000,0.000,0.000,0.000,0.000,0.000,0.000
2229,12951725.558,2,2,362,0,0,0,0,0,0.006,362,372,0.008,0.000,0.000,0.000,0.000,0.000,0.000,0.000,0.000,0.000,0.000,0.000,0.000,0.000,0.000,0.000,0.000,0.000,0.000
2230,12951725.635,2,2,363,0,0,0,0,0,0.000,363,362,0.071,0.000,0.000,0.000,0.000,0.000,0.000,0.000,0.000,0.000,0.000,0.000,0.000,0.000,0.000,0.000,0.000,0.000,0.000
2231,12951725.708,2,2,357,0,0,0,0,0,0.006,357,363,0.064,0.000,0.000,0.000,0.000,0.000,0.000,0.000,0.000,0.000,0.000,0.000,0.000,0.000,0.000,0.000,0.000,0.000,0.000
2232,12951725.781,2,2,374,0,0,0,0,0,0.003,374,357,0.055,0.000,0.000,0.000,0.000,0.000,0.000,0.000,0.000,0.000,0.000,0.000,0.000,0.000,0.000,0.000,0.000,0.000,0.000
2233,12951725.854,2,2,363,0,0,0,0,0,0.017,363,374,0.040,0.000,0.000,0.000,0.000,0.000,0.000,0.000,0.000,0.000,0.000,0.000,0.000,0.000,0.000,0.000,0.000,0.000,0.000
2234,12951725.928,2,2,362,0,0,0,0,0,0.019,362,363,0.013,0.500,0.500,0.500,0.000,0.000,0.000,0.000,0.000,0.000,0.500,0.500,0.500,0.000,0.000,0.000,0.000,0.000,0.000
2235,12951726.002,2,2,348,0,0,0,0,0,0.017,348,362,0.055,0.000,0.000,0.000,0.000,0.000,0.000,0.000,0.000,0.000,0.000,0.000,0.000,0.000,0.000,0.000,0.000,0.000,0.000
2236,12951726.076,2,2,359,0,0,0,0,0,0.011,359,348,0.044,0.500,0.500,0.000,0.000,0.000,0.000,0.000,0.000,0.000,0.500,0.500,0.000,0.000,0.000,0.000,0.000,0.000,0.000
2237,12951726.148,2,2,365,0,0,0,0,0,0.014,365,359,0.021,0.000,0.000,0.000,0.000,0.000,0.000,0.000,0.000,0.000,0.000,0.000,0.000,0.000,0.000,0.000,0.000,0.000,0.000
2238,12951726.222,2,2,364,0,0,0,0,0,0.019,364,365,0.040,0.000,0.000,0.000,0.000,0.000,0.000,0.000,0.000,0.000,0.000,0.000,0.000,0.000,0.000,0.000,0.000,0.000,0.000
2239,12951726.297,2,2,364,0,0,0,0,0,0.016,364,364,0.042,0.667,0.667,0.400,0.000,0.000,0.000,0.000,0.000,0.000,0.667,0.667,0.400,0.000,0.000,0.000,0.000,0.000,0.000
2240,12951726.370,2,2,364,0,0,0,0,0,0.025,364,364,0.009,0.400,0.400,0.400,0.000,0.000,0.000,0.400,0.000,0.000,0.400,0.400,0.400,0.000,0.000,0.000,0.400,0.000,0.000
2241,12951726.442,2,2,370,0,0,0,0,0,0.016,370,364,0.087,0.000,0.000,0.000,0.000,0.000,0.000,0.000,0.000,0.000,0.000,0.000,0.000,0.000,0.000,0.000,0.000,0.000,0.000
2242,12951726.515,2,2,373,0,0,0,0,0,0.019,373,370,0.005,0.400,0.400,0.000,0.000,0.000,0.000,0.000,0.000,0.000,0.400,0.400,0.000,0.000,0.000,0.000,0.000,0.000,0.000
2243,12951726.589,2,2,352,0,0,0,0,0,0.026,352,373,0.058,0.667,0.667,0.667,0.000,0.000,0.000,0.000,0.000,0.000,0.667,0.667,0.667,0.000,0.000,0.000,0.000,0.000,0.000
2244,12951726.661,2,2,390,0,0,0,0,0,0.064,390,352,0.003,0.667,0.667,0.400,0.400,0.000,0.000,0.000,0.000,0.000,0.667,0.667,0.400,0.400,0.000,0.000,0.000,0.000,0.000
2245,12951726.735,2,2,375,0,0,0,0,0,0.035,375,390,0.059,0.400,0.400,0.400,0.400,0.400,0.000,0.000,0.000,0.000,0.400,0.400,0.400,0.400,0.400,0.000,0.000,0.000,0.000
2246,12951726.807,2,2,363,0,0,0,0,0,0.022,363,375,0.053,0.400,0.400,0.400,0.400,0.400,0.000,0.000,0.000,0.000,0.400,0.400,0.400,0.400,0.400,0.000,0.000,0.000,0.000
2247,12951726.881,2,2,356,0,0,0,0,0,0.025,356,363,0.025,0.400,0.400,0.400,0.400,0.400,0.000,0.000,0.000,0.000,0.400,0.400,0.400,0.400,0.400,0.000,0.000,0.000,0.000
2248,12951726.956,2,2,370,0,0,0,0,0,0.032,370,356,0.024,0.400,0.400,0.400,0.400,0.000,0.000,0.000,0.000,0.000,0.400,0.400,0.400,0.400,0.000,0.000,0.000,0.000,0.000
2249,12951727.028,2,2,351,0,0,0,0,0,0.028,351,370,0.081,0.667,0.667,0.667,0.000,0.000,0.000,0.000,0.000,0.000,0.667,0.667,0.667,0.000,0.000,0.000,0.000,0.000,0.000
2250,12951727.099,2,2,363,0,0,0,0,0,0.030,363,351,0.024,0.667,0.667,0.667,0.400,0.000,0.000,0.000,0.000,0.000,0.667,0.667,0.667,0.400,0.000,0.000,0.000,0.000,0.000
2251,12951727.175,2,2,358,0,0,0,0,0,0.020,358,363,0.085,0.400,0.400,0.400,0.000,0.000,0.000,0.000,0.000,0.000,0.400,0.400,0.400,0.000,0.000,0.000,0.000,0.000,0.000
2252,12951727.248,2,2,372,0,0,0,0,0,0.024,372,358,0.064,0.400,0.400,0.400,0.000,0.000,0.000,0.000,0.000,0.000,0.400,0.400,0.400,0.000,0.000,0.000,0.000,0.000,0.000
2253,12951727.321,2,2,375,0,0,0,0,0,0.024,375,372,0.103,0.857,0.857,0.667,0.400,0.400,0.400,0.400,0.000,0.000,0.857,0.857,0.667,0.400,0.400,0.400,0.400,0.000,0.000
2254,12951727.393,3,3,380,0,0,0,0,0,0.034,380,375,0.115,0.571,0.667,0.667,0.400,0.000,0.000,0.000,0.000,0.000,0.571,0.667,0.667,0.400,0.000,0.000,0.000,0.000,0.000
2255,12951727.468,2,2,377,0,0,0,0,0,0.032,377,380,0.120,0.400,0.400,0.400,0.400,0.000,0.000,0.000,0.000,0.000,0.400,0.400,0.400,0.400,0.000,0.000,0.000,0.000,0.000
2256,12951727.542,2,2,377,0,0,0,0,0,0.029,377,377,0.142,0.667,0.667,0.667,0.400,0.400,0.400,0.400,0.000,0.000,0.667,0.667,0.667,0.400,0.400,0.400,0.400,0.000,0.000
2257,12951727.617,2,2,365,0,0,0,0,0,0.022,365,377,0.083,0.400,0.400,0.400,0.400,0.000,0.000,0.000,0.000,0.000,0.400,0.400,0.400,0.400,0.000,0.000,0.000,0.000,0.000
2258,12951727.689,2,2,372,0,0,0,0,0,0.032,372,365,0.086,0.400,0.400,0.400,0.400,0.000,0.000,0.000,0.000,0.000,0.400,0.400,0.400,0.400,0.000,0.000,0.000,0.000,0.000
2259,12951727.763,2,2,340,0,0,0,0,0,0.029,340,372,0.171,0.500,0.500,0.500,0.000,0.000,0.000,0.000,0.000,0.000,0.500,0.500,0.500,0.000,0.000,0.000,0.000,0.000,0.000
2260,12951727.838,2,2,358,0,0,0,0,0,0.036,358,340,0.079,0.750,0.571,0.667,0.667,0.400,0.400,0.000,0.000,0.000,0.750,0.571,0.667,0.667,0.400,0.400,0.000,0.000,0.000
2261,12951727.911,2,2,361,0,0,0,0,0,0.022,361,358,0.128,0.000,0.000,0.000,0.000,0.000,0.000,0.000,0.000,0.000,0.000,0.000,0.000,0.000,0.000,0.000,0.000,0.000,0.000
2262,12951727.983,2,2,366,0,0,0,0,0,0.041,366,361,0.098,0.571,0.571,0.571,0.400,0.400,0.400,0.400,0.400,0.400,0.571,0.571,0.571,0.400,0.400,0.400,0.400,0.400,0.400
2263,12951728.059,2,2,357,0,0,0,0,0,0.045,357,366,0.116,0.400,0.400,0.400,0.400,0.400,0.000,0.000,0.000,0.000,0.400,0.400,0.400,0.400,0.400,0.000,0.000,0.000,0.000
2264,12951728.132,2,2,353,0,0,0,0,0,0.048,353,357,0.108,0.667,0.667,0.667,0.667,0.667,0.400,0.400,0.000,0.000,0.667,0.667,0.667,0.667,0.667,0.400,0.400,0.000,0.000
2265,12951728.205,2,2,361,0,0,0,0,0,0.055,361,353,0.133,0.400,0.400,0.400,0.400,0.400,0.000,0.000,0.000,0.000,0.400,0.400,0.400,0.400,0.400,0.000,0.000,0.000,0.000
2266,12951728.278,7,7,360,0,0,0,0,0,0.047,360,361,0.010,0.400,0.400,0.400,0.400,0.400,0.500,0.500,0.500,0.500,0.400,0.400,0.400,0.400,0.400,0.500,0.500,0.500,0.500
2267,12951728.352,2,2,348,0,0,0,0,0,0.052,348,360,0.075,0.800,0.800,0.800,0.500,0.500,0.500,0.500,0.500,0.500,0.800,0.800,0.800,0.500,0.500,0.500,0.500,0.500,0.500
2268,12951728.426,2,2,354,0,0,0,0,0,0.051,354,348,0.088,0.400,0.400,0.400,0.000,0.000,0.000,0.000,0.000,0.000,0.400,0.400,0.400,0.000,0.000,0.000,0.000,0.000,0.000
2269,12951728.500,2,2,370,0,0,0,0,0,0.049,370,354,0.058,0.500,0.500,0.500,0.500,0.000,0.000,0.000,0.000,0.000,0.500,0.500,0.500,0.500,0.000,0.000,0.000,0.000,0.000
2270,12951728.572,4,4,372,0,0,0,0,0,0.054,372,370,0.216,0.750,0.750,0.857,0.857,0.857,0.667,0.800,0.800,0.800,0.750,0.750,0.857,0.857,0.857,0.667,0.800,0.800,0.800
2271,12951728.643,5,5,360,0,0,0,0,0,0.056,360,372,0.141,0.400,0.400,0.400,0.500,0.000,0.000,0.000,0.000,0.000,0.400,0.400,0.400,0.500,0.000,0.000,0.000,0.000,0.000
2272,12951728.719,4,4,350,0,0,0,0,0,0.054,350,360,0.124,0.333,0.333,0.400,0.000,0.000,0.000,0.000,0.000,0.000,0.333,0.333,0.400,0.000,0.000,0.000,0.000,0.000,0.000
2273,12951728.792,2,2,379,0,0,0,0,0,0.069,379,350,0.215,1.000,1.000,1.000,1.000,1.000,0.800,0.800,0.800,0.500,1.000,1.000,1.000,1.000,1.000,0.800,0.800,0.800,0.500
2274,12951728.863,4,4,380,0,0,0,0,0,0.074,380,379,0.156,0.667,0.667,0.800,0.800,0.800,0.800,0.800,0.500,0.500,0.667,0.667,0.800,0.800,0.800,0.800,0.800,0.500,0.500
2275,12951728.936,3,3,375,0,0,0,0,0,0.069,375,380,0.094,0.571,0.667,0.667,0.667,0.667,0.667,0.400,0.400,0.333,0.571,0.667,0.667,0.667,0.667,0.667,0.400,0.400,0.333
2276,12951729.011,2,2,368,0,0,0,0,0,0.049,368,375,0.061,0.400,0.400,0.400,0.400,0.400,0.000,0.000,0.000,0.000,0.400,0.400,0.400,0.400,0.400,0.000,0.000,0.000,0.000
2277,12951729.158,9,9,357,0,0,0,0,0,0.048,357,368,0.147,0.400,0.400,0.400,0.400,0.400,0.400,0.400,0.500,0.500,0.400,0.400,0.400,0.400,0.400,0.400,0.400,0.500,0.500
2278,12951729.232,6,6,355,0,0,0,0,0,0.056,355,357,0.130,0.571,0.571,0.571,0.667,0.800,0.800,0.500,0.500,0.500,0.571,0.571,0.571,0.667,0.800,0.800,0.500,0.500,0.500
2279,12951729.306,3,3,389,0,0,0,0,0,0.067,389,355,0.147,0.444,0.500,0.333,0.333,0.400,0.400,0.400,0.400,0.400,0.444,0.500,0.333,0.333,0.400,0.400,0.400,0.400,0.400
2280,12951729.382,2,2,370,0,0,0,0,0,0.070,370,389,0.103,0.667,0.667,0.400,0.400,0.400,0.400,0.400,0.400,0.400,0.667,0.667,0.400,0.400,0.400,0.400,0.400,0.400,0.400
2281,12951729.455,2,2,372,0,0,0,0,0,0.075,372,370,0.135,0.500,0.500,0.500,0.500,0.000,0.000,0.000,0.000,0.000,0.500,0.500,0.500,0.500,0.000,0.000,0.000,0.000,0.000
2282,12951729.526,3,3,386,0,0,0,0,0,0.083,386,372,0.259,0.857,1.000,1.000,1.000,0.800,0.800,0.667,0.571,0.571,0.857,1.000,1.000,1.000,0.800,0.800,0.667,0.571,0.571
2283,12951729.601,5,5,395,0,0,0,0,0,0.063,395,386,0.141,0.500,0.500,0.571,0.667,0.667,0.400,0.333,0.286,0.286,0.500,0.500,0.571,0.667,0.667,0.400,0.333,0.286,0.286
2284,12951729.675,2,2,373,0,0,0,0,0,0.062,373,395,0.211,0.857,0.857,0.857,0.857,0.857,0.857,0.857,0.333,0.400,0.857,0.857,0.857,0.857,0.857,0.857,0.857,0.333,0.400
2285,12951729.748,2,2,373,0,0,0,0,0,0.067,373,373,0.223,1.000,1.000,1.000,1.000,1.000,1.000,0.800,0.800,0.500,1.000,1.000,1.000,1.000,1.000,1.000,0.800,0.800,0.500
2286,12951729.821,7,7,388,0,0,0,0,2,0.087,390,373,0.189,0.400,0.444,0.444,0.444,0.444,0.500,0.286,0.286,0.333,0.400,0.444,0.444,0.444,0.444,0.500,0.286,0.286,0.333
2287,12951729.895,10,10,392,0,0,0,0,0,0.066,392,390,0.183,0.250,0.250,0.250,0.250,0.286,0.286,0.286,0.286,0.333,0.250,0.250,0.250,0.250,0.286,0.286,0.286,0.286,0.333
2288,12951729.968,2,2,389,0,0,0,0,0,0.069,389,392,0.272,0.600,0.600,0.600,0.600,0.500,0.500,0.571,0.571,0.571,0.600,0.600,0.600,0.600,0.500,0.500,0.571,0.571,0.571
2289,12951730.042,4,4,394,0,0,0,0,1,0.084,395,389,0.231,0.462,0.500,0.600,0.600,0.600,0.600,0.500,0.500,0.286,0.462,0.500,0.600,0.600,0.600,0.600,0.500,0.500,0.286
2290,12951730.115,2,2,392,0,0,0,0,0,0.087,392,395,0.123,0.545,0.545,0.444,0.500,0.500,0.286,0.222,0.250,0.250,0.545,0.545,0.444,0.500,0.500,0.286,0.222,0.250,0.250
2291,12951730.189,6,6,393,0,0,0,0,0,0.064,393,392,0.072,0.400,0.400,0.400,0.444,0.500,0.286,0.286,0.286,0.000,0.400,0.400,0.400,0.444,0.500,0.286,0.286,0.286,0.000
2292,12951730.264,8,8,385,0,0,0,0,0,0.075,385,393,0.011,0.500,0.500,0.545,0.444,0.444,0.500,0.571,0.333,0.333,0.500,0.500,0.545,0.444,0.444,0.500,0.571,0.333,0.333
2293,12951730.336,8,8,336,0,0,0,0,0,0.054,336,385,0.161,0.444,0.444,0.500,0.500,0.500,0.571,0.667,0.000,0.000,0.444,0.444,0.500,0.500,0.500,0.571,0.667,0.000,0.000
2294,12951730.409,6,6,386,0,0,0,0,0,0.075,386,336,0.153,0.364,0.400,0.400,0.444,0.500,0.286,0.000,0.000,0.000,0.364,0.400,0.400,0.444,0.500,0.286,0.000,0.000,0.000
2295,12951730.483,2,2,372,0,0,0,0,0,0.065,372,386,0.074,0.667,0.667,0.545,0.545,0.250,0.250,0.250,0.250,0.286,0.667,0.667,0.545,0.545,0.250,0.250,0.250,0.250,0.286
2296,12951730.557,4,4,372,0,0,0,0,0,0.070,372,372,0.015,0.222,0.222,0.250,0.250,0.250,0.250,0.250,0.000,0.000,0.222,0.222,0.250,0.250,0.250,0.250,0.250,0.000,0.000
2297,12951730.630,4,4,381,0,0,0,0,0,0.060,381,372,0.038,0.222,0.222,0.250,0.000,0.000,0.000,0.000,0.000,0.000,0.222,0.222,0.250,0.000,0.000,0.000,0.000,0.000,0.000
2298,12951730.703,2,2,389,0,0,0,0,0,0.069,389,381,0.048,0.400,0.400,0.222,0.250,0.250,0.250,0.000,0.000,0.000,0.400,0.400,0.222,0.250,0.250,0.250,0.000,0.000,0.000
2299,12951730.777,3,3,400,0,0,0,0,0,0.070,400,389,0.025,0.308,0.364,0.364,0.250,0.250,0.000,0.000,0.000,0.000,0.308,0.364,0.364,0.250,0.250,0.000,0.000,0.000,0.000
2300,12951730.851,3,3,377,0,0,0,0,0,0.064,377,400,0.032,0.333,0.364,0.364,0.364,0.000,0.000,0.000,0.000,0.000,0.333,0.364,0.364,0.364,0.000,0.000,0.000,0.000,0.000
2301,12951730.925,2,2,388,0,0,0,0,0,0.075,388,377,0.223,0.667,0.667,0.545,0.600,0.600,0.250,0.000,0.000,0.000,0.667,0.667,0.545,0.600,0.600,0.250,0.000,0.000,0.000
2302,12951730.997,5,5,389,0,0,0,0,1,0.067,390,388,0.023,0.444,0.444,0.444,0.500,0.500,0.286,0.000,0.000,0.000,0.444,0.444,0.444,0.500,0.500,0.286,0.000,0.000,0.000
2303,12951731.068,5,5,389,0,0,0,0,0,0.090,389,390,0.167,0.462,0.462,0.500,0.545,0.250,0.250,0.250,0.250,0.250,0.462,0.462,0.500,0.545,0.250,0.250,0.250,0.250,0.250
2304,12951731.143,3,3,394,0,0,0,0,0,0.074,394,389,0.027,0.333,0.364,0.364,0.364,0.200,0.222,0.222,0.250,0.250,0.333,0.364,0.364,0.364,0.200,0.222,0.222,0.250,0.250
2305,12951731.217,2,2,377,0,0,0,0,0,0.064,377,394,0.078,0.615,0.615,0.500,0.200,0.200,0.222,0.222,0.250,0.286,0.615,0.615,0.500,0.200,0.200,0.222,0.222,0.250,0.286
2306,12951731.288,2,2,376,0,0,0,0,0,0.069,376,377,0.187,0.545,0.545,0.400,0.444,0.444,0.286,0.286,0.333,0.333,0.545,0.545,0.400,0.444,0.444,0.286,0.286,0.333,0.333
2307,12951731.437,5,5,368,0,0,0,0,0,0.073,368,376,0.066,0.500,0.545,0.545,0.600,0.400,0.250,0.250,0.000,0.000,0.500,0.545,0.545,0.600,0.400,0.250,0.250,0.000,0.000
2308,12951731.511,2,2,388,0,0,0,0,0,0.072,388,368,0.064,0.400,0.400,0.400,0.222,0.250,0.286,0.333,0.333,0.333,0.400,0.400,0.400,0.222,0.250,0.286,0.333,0.333,0.333
2309,12951731.584,5,5,369,0,0,0,0,0,0.070,369,388,0.112,0.364,0.364,0.364,0.400,0.222,0.250,0.250,0.286,0.286,0.364,0.364,0.364,0.400,0.222,0.250,0.250,0.286,0.286
2310,12951731.656,2,2,371,0,0,0,0,0,0.073,371,369,0.086,0.545,0.545,0.545,0.400,0.286,0.286,0.286,0.286,0.286,0.545,0.545,0.545,0.400,0.286,0.286,0.286,0.286,0.286
2311,12951731.730,2,2,390,0,0,0,0,0,0.079,390,371,0.086,0.667,0.667,0.600,0.444,0.286,0.286,0.286,0.286,0.286,0.667,0.667,0.600,0.444,0.286,0.286,0.286,0.286,0.286
2312,12951731.804,4,4,371,0,0,0,0,0,0.065,371,390,0.082,0.364,0.364,0.444,0.250,0.250,0.250,0.286,0.286,0.286,0.364,0.364,0.444,0.250,0.250,0.250,0.286,0.286,0.286
2313,12951731.877,3,3,378,0,0,0,0,0,0.082,378,371,0.072,0.333,0.364,0.182,0.222,0.286,0.286,0.286,0.286,0.286,0.333,0.364,0.182,0.222,0.286,0.286,0.286,0.286,0.286
2314,12951731.949,2,2,387,0,0,0,0,0,0.080,387,378,0.136,0.308,0.308,0.182,0.200,0.250,0.286,0.286,0.286,0.286,0.308,0.308,0.182,0.200,0.250,0.286,0.286,0.286,0.286
2315,12951732.025,2,2,373,0,0,0,0,0,0.062,373,387,0.097,0.400,0.400,0.400,0.222,0.250,0.250,0.286,0.286,0.286,0.400,0.400,0.400,0.222,0.250,0.250,0.286,0.286,0.286
2316,12951732.098,4,4,385,0,0,0,0,0,0.073,385,373,0.021,0.429,0.429,0.500,0.400,0.250,0.286,0.286,0.286,0.286,0.429,0.429,0.500,0.400,0.250,0.286,0.286,0.286,0.286
2317,12951732.170,2,2,369,0,0,0,0,0,0.073,369,385,0.026,0.500,0.500,0.500,0.500,0.500,0.500,0.500,0.286,0.286,0.500,0.500,0.500,0.500,0.500,0.500,0.500,0.286,0.286
2318,12951732.244,2,2,379,0,0,0,0,0,0.077,379,369,0.085,0.727,0.727,0.444,0.571,0.571,0.571,0.571,0.571,0.571,0.727,0.727,0.444,0.571,0.571,0.571,0.571,0.571,0.571
2319,12951732.318,3,3,363,0,0,0,0,0,0.080,363,379,0.012,0.545,0.600,0.600,0.600,0.571,0.571,0.571,0.571,0.333,0.545,0.600,0.600,0.600,0.571,0.571,0.571,0.571,0.333
2320,12951732.391,5,5,385,0,0,0,0,0,0.083,385,363,0.070,0.600,0.600,0.600,0.750,0.571,0.571,0.571,0.571,0.333,0.600,0.600,0.600,0.750,0.571,0.571,0.571,0.571,0.333
2321,12951732.465,2,2,370,0,0,0,0,0,0.065,370,385,0.141,0.400,0.400,0.400,0.400,0.400,0.400,0.400,0.400,0.400,0.400,0.400,0.400,0.400,0.400,0.400,0.400,0.400,0.400
2322,12951732.536,5,5,351,0,0,0,0,0,0.046,351,370,0.095,0.286,0.286,0.286,0.333,0.333,0.333,0.333,0.333,0.286,0.286,0.286,0.286,0.333,0.333,0.333,0.333,0.333,0.286
2323,12951732.610,2,2,346,0,0,0,0,0,0.058,346,351,0.028,0.571,0.571,0.571,0.571,0.571,0.571,0.571,0.571,0.571,0.571,0.571,0.571,0.571,0.571,0.571,0.571,0.571,0.571
2324,12951732.758,2,2,343,0,0,0,0,0,0.041,343,346,0.063,0.571,0.571,0.571,0.571,0.571,0.571,0.500,0.571,0.333,0.571,0.571,0.571,0.571,0.571,0.571,0.500,0.571,0.333
2325,12951732.830,2,2,336,0,0,0,0,0,0.039,336,343,0.005,0.857,0.857,0.667,0.667,0.333,0.400,0.000,0.000,0.000,0.857,0.857,0.667,0.667,0.333,0.400,0.000,0.000,0.000
2326,12951732.903,9,9,346,0,0,0,0,0,0.058,346,336,0.051,0.286,0.286,0.286,0.286,0.286,0.286,0.286,0.333,0.333,0.286,0.286,0.286,0.286,0.286,0.286,0.286,0.333,0.333
2327,12951732.977,6,6,356,0,0,0,0,0,0.053,356,346,0.025,0.333,0.333,0.333,0.333,0.400,0.400,0.400,0.400,0.400,0.333,0.333,0.333,0.333,0.400,0.400,0.400,0.400,0.400
2328,12951733.050,8,2,377,0,0,0,0,0,0.066,377,356,0.006,0.250,0.250,0.250,0.250,0.250,0.250,0.286,0.286,0.000,0.250,0.250,0.250,0.250,0.250,0.250,0.000,0.000,0.000
2329,12951733.124,6,6,361,0,0,0,0,0,0.050,361,377,0.056,0.333,0.333,0.333,0.333,0.400,0.400,0.400,0.400,0.400,0.333,0.333,0.333,0.333,0.400,0.400,0.400,0.400,0.400
2330,12951733.196,2,2,377,0,0,0,0,0,0.072,377,361,0.085,0.333,0.333,0.333,0.333,0.333,0.333,0.333,0.333,0.333,0.333,0.333,0.333,0.333,0.333,0.333,0.333,0.333,0.333
2331,12951733.270,2,8,374,0,0,0,0,0,0.053,374,377,0.023,0.500,0.500,0.500,0.500,0.500,0.500,0.400,0.400,0.400,0.000,0.000,0.000,0.000,0.000,0.000,0.400,0.400,0.400
2332,12951733.344,2,2,371,0,0,0,0,0,0.073,371,374,0.010,0.800,0.800,0.667,0.667,0.400,0.400,0.333,0.000,0.000,0.800,0.800,0.667,0.667,0.400,0.400,0.333,0.000,0.000
2333,12951733.417,2,2,399,0,0,0,0,0,0.140,399,371,0.005,0.750,0.571,0.500,0.500,0.250,0.250,0.250,0.250,0.333,0.750,0.571,0.500,0.500,0.250,0.250,0.250,0.250,0.333
2334,12951733.489,10,10,400,0,0,0,0,0,0.105,400,399,0.074,0.500,0.500,0.500,0.571,0.571,0.571,0.571,0.571,0.667,0.500,0.500,0.500,0.571,0.571,0.571,0.571,0.571,0.667
2335,12951733.564,2,2,388,0,0,0,0,0,0.080,388,400,0.257,0.500,0.500,0.500,0.500,0.500,0.500,0.500,0.500,0.500,0.500,0.500,0.500,0.500,0.500,0.500,0.500,0.500,0.500
2336,12951733.637,10,10,368,0,0,0,0,0,0.057,368,388,0.049,0.400,0.400,0.400,0.444,0.444,0.444,0.444,0.444,0.500,0.400,0.400,0.400,0.444,0.444,0.444,0.444,0.444,0.500
2337,12951733.709,10,2,379,0,0,0,0,0,0.066,379,368,0.143,0.286,0.286,0.286,0.286,0.286,0.286,0.286,0.000,0.333,0.286,0.286,0.286,0.286,0.286,0.286,0.286,0.000,0.000
2338,12951733.783,8,8,387,0,0,0,0,0,0.090,387,379,0.250,0.571,0.667,0.667,0.667,0.667,0.667,0.800,0.667,0.667,0.571,0.667,0.667,0.667,0.667,0.667,0.800,0.667,0.667
2339,12951733.858,2,2,384,0,0,0,0,0,0.091,384,387,0.205,0.462,0.462,0.333,0.364,0.400,0.400,0.400,0.444,0.444,0.462,0.462,0.333,0.364,0.400,0.400,0.400,0.444,0.444
2340,12951733.932,8,8,367,0,0,0,0,0,0.074,367,384,0.164,0.286,0.333,0.333,0.333,0.333,0.333,0.400,0.400,0.400,0.286,0.333,0.333,0.333,0.333,0.333,0.400,0.400,0.400
2341,12951734.004,2,2,386,0,0,0,0,0,0.078,386,367,0.151,0.444,0.444,0.250,0.250,0.250,0.250,0.250,0.286,0.333,0.444,0.444,0.250,0.250,0.250,0.250,0.250,0.286,0.333
2342,12951734.077,4,4,409,0,0,0,0,0,0.108,409,386,0.439,0.500,0.500,0.600,0.444,0.444,0.444,0.444,0.444,0.444,0.500,0.500,0.600,0.444,0.444,0.444,0.444,0.444,0.444
2343,12951734.151,2,2,385,0,0,0,0,0,0.075,385,409,0.202,0.600,0.600,0.600,0.600,0.500,0.500,0.500,0.500,0.571,0.600,0.600,0.600,0.600,0.500,0.500,0.500,0.500,0.571
2344,12951734.226,2,2,394,0,0,0,0,0,0.079,394,385,0.190,0.833,0.727,0.727,0.727,0.600,0.444,0.444,0.444,0.250,0.833,0.727,0.727,0.727,0.600,0.444,0.444,0.444,0.250
2345,12951734.299,5,5,390,0,0,0,0,0,0.082,390,394,0.254,0.400,0.444,0.600,0.667,0.500,0.500,0.500,0.286,0.286,0.400,0.444,0.600,0.667,0.500,0.500,0.500,0.286,0.286
2346,12951734.370,2,2,391,0,0,0,0,1,0.082,392,390,0.201,0.727,0.727,0.727,0.600,0.500,0.286,0.286,0.000,0.000,0.727,0.727,0.727,0.600,0.500,0.286,0.286,0.000,0.000
2347,12951734.443,2,2,411,0,0,0,0,1,0.104,412,392,0.321,0.714,0.714,0.667,0.545,0.400,0.444,0.444,0.444,0.444,0.714,0.714,0.667,0.545,0.400,0.444,0.444,0.444,0.444
2348,12951734.517,2,2,391,0,0,0,0,1,0.092,392,412,0.242,0.545,0.545,0.545,0.400,0.400,0.400,0.400,0.444,0.444,0.545,0.545,0.545,0.400,0.400,0.400,0.400,0.444,0.444
2349,12951734.590,4,4,391,0,0,0,0,0,0.079,391,392,0.225,0.615,0.615,0.727,0.444,0.444,0.500,0.500,0.500,0.500,0.615,0.615,0.727,0.444,0.444,0.500,0.500,0.500,0.500
2350,12951734.663,2,2,389,0,0,0,0,0,0.080,389,391,0.434,0.727,0.727,0.727,0.667,0.667,0.500,0.500,0.286,0.286,0.727,0.727,0.727,0.667,0.667,0.500,0.500,0.286,0.286
2351,12951734.735,2,2,391,0,0,0,0,0,0.059,391,389,0.132,0.727,0.727,0.727,0.600,0.250,0.250,0.250,0.250,0.250,0.727,0.727,0.727,0.600,0.250,0.250,0.250,0.250,0.250
2352,12951734.809,4,4,402,0,0,0,0,1,0.082,403,391,0.109,0.667,0.667,0.727,0.600,0.444,0.444,0.444,0.444,0.250,0.667,0.667,0.727,0.600,0.444,0.444,0.444,0.444,0.250
2353,12951734.883,2,2,389,0,0,0,0,1,0.085,390,403,0.207,0.667,0.667,0.545,0.600,0.600,0.444,0.444,0.444,0.444,0.667,0.667,0.545,0.600,0.600,0.444,0.444,0.444,0.444
2354,12951734.955,4,4,378,0,0,0,0,0,0.077,378,390,0.213,0.714,0.714,0.727,0.600,0.444,0.444,0.444,0.444,0.444,0.714,0.714,0.727,0.600,0.444,0.444,0.444,0.444,0.444
2355,12951735.029,2,2,382,0,0,0,0,0,0.068,382,378,0.162,0.500,0.500,0.500,0.364,0.400,0.400,0.400,0.400,0.400,0.500,0.500,0.500,0.364,0.400,0.400,0.400,0.400,0.400
2356,12951735.103,2,2,378,0,0,0,0,0,0.058,378,382,0.213,0.833,0.833,0.600,0.444,0.444,0.444,0.444,0.444,0.444,0.833,0.833,0.600,0.444,0.444,0.444,0.444,0.444,0.444
2357,12951735.177,2,2,384,0,0,0,0,0,0.081,384,378,0.238,0.600,0.600,0.444,0.444,0.444,0.444,0.444,0.444,0.250,0.600,0.600,0.444,0.444,0.444,0.444,0.444,0.444,0.250
2358,12951735.249,3,3,398,0,0,0,0,0,0.083,398,384,0.231,0.667,0.714,0.667,0.545,0.545,0.545,0.545,0.400,0.400,0.667,0.714,0.667,0.545,0.545,0.545,0.545,0.400,0.400
2359,12951735.323,2,2,372,0,0,0,0,0,0.070,372,398,0.223,0.615,0.615,0.615,0.545,0.400,0.400,0.222,0.222,0.222,0.615,0.615,0.615,0.545,0.400,0.400,0.222,0.222,0.222
2360,12951735.397,2,2,384,0,0,0,0,0,0.078,384,372,0.193,0.667,0.667,0.667,0.222,0.222,0.222,0.222,0.222,0.222,0.667,0.667,0.667,0.222,0.222,0.222,0.222,0.222,0.222
2361,12951735.471,4,4,367,0,0,0,0,0,0.076,367,384,0.188,0.364,0.400,0.444,0.444,0.250,0.250,0.250,0.250,0.250,0.364,0.400,0.444,0.444,0.250,0.250,0.250,0.250,0.250
2362,12951735.545,2,2,362,0,0,0,0,0,0.075,362,367,0.333,0.600,0.600,0.444,0.444,0.444,0.444,0.444,0.444,0.444,0.600,0.600,0.444,0.444,0.444,0.444,0.444,0.444,0.444
2363,12951735.691,2,2,369,0,0,0,0,0,0.062,369,362,0.214,0.600,0.600,0.444,0.444,0.444,0.444,0.444,0.250,0.250,0.600,0.600,0.444,0.444,0.444,0.444,0.444,0.250,0.250
2364,12951735.766,2,2,377,0,0,0,0,0,0.085,377,369,0.267,0.400,0.400,0.400,0.400,0.400,0.400,0.400,0.400,0.400,0.400,0.400,0.400,0.400,0.400,0.400,0.400,0.400,0.400
2365,12951735.838,2,6,374,0,0,0,0,0,0.078,374,377,0.181,0.600,0.600,0.444,0.500,0.444,0.444,0.444,0.444,0.444,0.400,0.400,0.222,0.250,0.444,0.444,0.444,0.444,0.444
2366,12951735.910,2,2,397,0,0,0,0,0,0.073,397,374,0.144,0.500,0.500,0.200,0.200,0.222,0.222,0.222,0.222,0.222,0.500,0.500,0.200,0.200,0.222,0.222,0.222,0.222,0.222
2367,12951735.985,5,5,393,0,0,0,0,0,0.066,393,397,0.138,0.250,0.250,0.250,0.286,0.286,0.286,0.286,0.286,0.286,0.250,0.250,0.250,0.286,0.286,0.286,0.286,0.286,0.286
2368,12951736.059,4,4,381,0,0,0,0,0,0.055,381,393,0.163,0.400,0.400,0.444,0.444,0.444,0.444,0.444,0.444,0.444,0.400,0.400,0.444,0.444,0.444,0.444,0.444,0.444,0.444
2369,12951736.132,2,2,395,0,0,0,0,0,0.071,395,381,0.406,0.545,0.545,0.400,0.444,0.444,0.444,0.444,0.444,0.444,0.545,0.545,0.400,0.444,0.444,0.444,0.444,0.444,0.444
2370,12951736.204,2,2,376,0,0,0,0,0,0.072,376,395,0.193,0.727,0.727,0.545,0.400,0.400,0.400,0.400,0.400,0.400,0.545,0.545,0.545,0.400,0.400,0.400,0.400,0.400,0.400
2371,12951736.277,2,2,368,0,0,0,0,0,0.057,368,376,0.290,0.667,0.667,0.500,0.500,0.500,0.500,0.500,0.500,0.286,0.667,0.667,0.500,0.500,0.500,0.500,0.500,0.500,0.286
2372,12951736.351,3,3,373,0,0,0,0,0,0.059,373,368,0.084,0.545,0.600,0.444,0.444,0.444,0.444,0.444,0.444,0.286,0.545,0.600,0.444,0.444,0.444,0.444,0.444,0.444,0.286
2373,12951736.425,2,2,358,0,0,0,0,0,0.050,358,373,0.153,0.500,0.500,0.286,0.286,0.250,0.250,0.286,0.286,0.286,0.500,0.500,0.286,0.286,0.250,0.250,0.286,0.286,0.286
2374,12951736.498,2,2,375,0,0,0,0,0,0.053,375,358,0.137,0.500,0.500,0.500,0.500,0.500,0.444,0.500,0.500,0.286,0.500,0.500,0.500,0.500,0.500,0.444,0.500,0.500,0.286
2375,12951736.569,2,2,371,0,0,0,0,0,0.059,371,375,0.079,0.545,0.545,0.545,0.400,0.400,0.400,0.444,0.444,0.250,0.545,0.545,0.545,0.400,0.400,0.400,0.444,0.444,0.250
2376,12951736.644,4,4,378,0,0,0,0,0,0.071,378,371,0.261,0.833,0.833,0.909,0.667,0.500,0.500,0.500,0.500,0.500,0.833,0.833,0.909,0.667,0.500,0.500,0.500,0.500,0.500
2377,12951736.718,2,2,367,0,0,0,0,0,0.057,367,378,0.225,0.923,0.923,0.923,0.727,0.667,0.500,0.500,0.500,0.500,0.923,0.923,0.923,0.727,0.667,0.250,0.500,0.500,0.500
2378,12951736.790,6,6,373,0,0,0,0,0,0.067,373,367,0.009,0.545,0.545,0.545,0.600,0.667,0.667,0.500,0.286,0.286,0.545,0.545,0.545,0.600,0.667,0.667,0.500,0.286,0.286
2379,12951736.863,6,10,388,0,0,0,0,1,0.064,389,373,0.263,0.400,0.400,0.400,0.400,0.545,0.545,0.545,0.444,0.444,0.400,0.400,0.400,0.400,0.364,0.364,0.364,0.222,0.444
2380,12951736.937,2,2,362,0,0,0,0,0,0.064,362,389,0.145,0.667,0.667,0.545,0.545,0.545,0.545,0.400,0.444,0.250,0.667,0.667,0.545,0.545,0.545,0.545,0.400,0.444,0.250
2381,12951737.011,5,5,360,0,0,0,0,0,0.067,360,362,0.112,0.615,0.615,0.615,0.667,0.500,0.400,0.444,0.250,0.250,0.615,0.615,0.615,0.667,0.500,0.400,0.444,0.250,0.250
2382,12951737.085,2,2,378,0,0,0,0,1,0.087,379,360,0.125,0.545,0.545,0.400,0.400,0.400,0.400,0.222,0.250,0.250,0.545,0.545,0.400,0.400,0.400,0.400,0.222,0.250,0.250
2383,12951737.157,2,2,374,0,0,0,0,0,0.070,374,379,0.136,0.600,0.600,0.600,0.600,0.400,0.400,0.400,0.444,0.250,0.600,0.600,0.600,0.600,0.400,0.400,0.400,0.444,0.250
2384,12951737.231,2,2,373,0,0,0,0,0,0.088,373,374,0.226,0.923,0.923,0.600,0.600,0.600,0.444,0.444,0.444,0.444,0.923,0.923,0.600,0.600,0.600,0.444,0.444,0.444,0.444
2385,12951737.305,2,5,385,0,0,0,0,0,0.094,385,373,0.289,0.833,0.833,0.727,0.727,0.600,0.600,0.444,0.400,0.400,0.667,0.667,0.545,0.727,0.600,0.600,0.444,0.400,0.400
2386,12951737.378,2,2,381,0,0,0,0,0,0.079,381,385,0.130,0.600,0.600,0.444,0.444,0.444,0.444,0.444,0.444,0.400,0.600,0.600,0.444,0.444,0.444,0.444,0.444,0.444,0.400
2387,12951737.450,2,2,373,0,0,0,0,0,0.072,373,381,0.244,0.833,0.833,0.600,0.600,0.545,0.444,0.444,0.444,0.444,0.833,0.833,0.600,0.600,0.545,0.444,0.444,0.444,0.444
2388,12951737.526,3,3,387,0,0,0,0,0,0.078,387,373,0.110,0.714,0.769,0.667,0.600,0.600,0.444,0.444,0.444,0.444,0.714,0.769,0.667,0.600,0.600,0.444,0.444,0.444,0.444
2389,12951737.600,2,2,407,0,0,0,0,0,0.071,407,387,0.048,0.857,0.857,0.769,0.667,0.400,0.400,0.400,0.444,0.444,0.857,0.857,0.769,0.667,0.400,0.400,0.400,0.444,0.444
2390,12951737.673,2,2,387,0,0,0,0,0,0.065,387,407,0.181,0.727,0.727,0.727,0.600,0.545,0.545,0.444,0.444,0.444,0.727,0.727,0.727,0.600,0.545,0.545,0.444,0.444,0.444
2391,12951737.746,3,3,391,0,0,0,0,0,0.056,391,387,0.182,0.545,0.600,0.444,0.444,0.444,0.250,0.250,0.250,0.444,0.545,0.600,0.444,0.444,0.444,0.250,0.250,0.250,0.222
2392,12951737.821,4,4,383,0,0,0,0,0,0.060,383,391,0.234,0.727,0.727,0.800,0.500,0.444,0.500,0.286,0.286,0.286,0.727,0.727,0.800,0.500,0.444,0.500,0.286,0.286,0.286
2393,12951737.895,2,2,383,0,0,0,0,0,0.065,383,383,0.144,0.727,0.600,0.600,0.600,0.444,0.444,0.444,0.444,0.444,0.727,0.600,0.600,0.600,0.444,0.444,0.444,0.444,0.444
2394,12951737.969,2,2,387,0,0,0,0,0,0.057,387,383,0.101,0.500,0.500,0.500,0.500,0.286,0.286,0.286,0.286,0.000,0.500,0.500,0.500,0.500,0.286,0.286,0.286,0.286,0.000
2395,12951738.040,2,2,381,0,0,0,0,0,0.050,381,387,0.050,0.833,0.727,0.727,0.444,0.444,0.250,0.250,0.250,0.250,0.833,0.727,0.727,0.444,0.444,0.250,0.250,0.250,0.250
2396,12951738.112,2,2,395,0,0,0,0,0,0.086,395,381,0.118,0.833,0.833,0.833,0.727,0.727,0.727,0.444,0.444,0.444,0.833,0.833,0.833,0.727,0.727,0.727,0.444,0.444,0.444
2397,12951738.187,2,2,387,0,0,0,0,0,0.067,387,395,0.015,0.571,0.571,0.571,0.462,0.462,0.462,0.333,0.182,0.182,0.571,0.571,0.571,0.462,0.462,0.462,0.333,0.182,0.182
2398,12951738.260,2,2,392,0,0,0,0,0,0.079,392,387,0.257,0.857,0.857,0.769,0.667,0.667,0.545,0.400,0.400,0.400,0.714,0.714,0.615,0.500,0.500,0.364,0.200,0.200,0.400
2399,12951738.333,3,3,378,0,0,0,0,0,0.048,378,392,0.135,0.500,0.545,0.545,0.400,0.400,0.222,0.222,0.400,0.400,0.500,0.545,0.545,0.400,0.400,0.222,0.222,0.200,0.400
2400,12951738.404,2,2,387,0,0,0,0,0,0.062,387,378,0.148,0.800,0.714,0.615,0.500,0.364,0.364,0.364,0.364,0.364,0.667,0.571,0.462,0.333,0.182,0.182,0.182,0.182,0.182
2401,12951738.478,2,2,387,0,0,0,0,0,0.080,387,387,0.212,0.615,0.615,0.615,0.615,0.615,0.500,0.364,0.364,0.364,0.462,0.462,0.462,0.462,0.462,0.333,0.182,0.182,0.182
2402,12951738.552,2,2,389,0,0,0,0,0,0.069,389,387,0.315,0.615,0.615,0.615,0.500,0.364,0.364,0.364,0.364,0.364,0.615,0.615,0.615,0.500,0.364,0.364,0.364,0.364,0.364
2403,12951738.626,3,3,397,0,0,0,0,0,0.076,397,389,0.244,0.667,0.714,0.667,0.667,0.667,0.400,0.400,0.400,0.400,0.667,0.714,0.667,0.667,0.667,0.400,0.400,0.400,0.400
2404,12951738.698,2,2,388,0,0,0,0,0,0.059,388,397,0.178,0.615,0.615,0.615,0.615,0.500,0.500,0.500,0.364,0.200,0.615,0.615,0.615,0.615,0.500,0.333,0.333,0.182,0.200
2405,12951738.772,4,4,393,0,0,0,0,0,0.066,393,388,0.134,0.500,0.500,0.545,0.545,0.545,0.222,0.222,0.222,0.222,0.500,0.500,0.545,0.545,0.545,0.222,0.222,0.222,0.222
2406,12951738.846,2,2,379,0,0,0,0,0,0.058,379,393,0.100,0.545,0.545,0.545,0.545,0.400,0.222,0.222,0.400,0.400,0.545,0.545,0.545,0.545,0.400,0.222,0.222,0.400,0.400
2407,12951738.919,2,2,377,0,0,0,0,0,0.056,377,379,0.234,0.800,0.800,0.714,0.500,0.500,0.364,0.364,0.364,0.364,0.667,0.667,0.571,0.333,0.333,0.182,0.182,0.182,0.182
2408,12951738.991,4,4,394,0,0,0,0,0,0.074,394,377,0.007,0.667,0.667,0.714,0.615,0.500,0.500,0.364,0.364,0.364,0.533,0.533,0.571,0.462,0.333,0.500,0.364,0.364,0.364
2409,12951739.067,4,4,393,0,0,0,0,0,0.064,393,394,0.097,0.571,0.571,0.615,0.500,0.500,0.500,0.364,0.364,0.364,0.429,0.429,0.462,0.333,0.333,0.333,0.182,0.182,0.182
2410,12951739.140,2,2,381,0,0,0,0,0,0.068,381,393,0.028,0.500,0.500,0.500,0.500,0.500,0.364,0.364,0.364,0.364,0.333,0.333,0.333,0.333,0.333,0.182,0.182,0.182,0.182
2411,12951739.213,4,4,388,0,0,0,0,0,0.067,388,381,0.076,0.615,0.615,0.667,0.400,0.222,0.222,0.222,0.222,0.222,0.615,0.615,0.667,0.400,0.222,0.222,0.222,0.222,0.222
2412,12951739.286,2,2,379,0,0,0,0,0,0.053,379,388,0.129,0.667,0.667,0.545,0.545,0.545,0.222,0.000,0.000,0.000,0.667,0.667,0.545,0.545,0.545,0.222,0.000,0.000,0.000
2413,12951739.361,2,2,412,0,0,0,0,0,0.068,412,379,0.085,0.500,0.500,0.500,0.500,0.500,0.500,0.364,0.200,0.200,0.500,0.500,0.500,0.500,0.500,0.500,0.364,0.200,0.200
2414,12951739.435,2,2,391,0,0,0,0,0,0.066,391,412,0.104,0.615,0.615,0.500,0.500,0.500,0.200,0.200,0.200,0.200,0.615,0.615,0.500,0.500,0.500,0.200,0.200,0.200,0.200
2415,12951739.508,2,2,386,0,0,0,0,0,0.062,386,391,0.112,0.615,0.615,0.615,0.500,0.500,0.364,0.364,0.364,0.364,0.462,0.462,0.462,0.333,0.333,0.182,0.182,0.182,0.182
2416,12951739.581,2,2,394,0,0,0,0,0,0.063,394,386,0.067,0.462,0.462,0.462,0.333,0.364,0.364,0.364,0.364,0.200,0.462,0.462,0.462,0.333,0.364,0.364,0.364,0.364,0.200
2417,12951739.653,2,2,398,0,0,0,0,0,0.070,398,394,0.059,0.667,0.667,0.571,0.571,0.500,0.500,0.500,0.500,0.500,0.667,0.667,0.571,0.571,0.500,0.500,0.500,0.500,0.500
2418,12951739.728,2,2,378,0,0,0,0,0,0.053,378,398,0.081,0.615,0.615,0.500,0.364,0.364,0.364,0.200,0.200,0.200,0.615,0.615,0.500,0.364,0.364,0.364,0.200,0.200,0.200
2419,12951739.801,2,2,388,0,0,0,0,0,0.075,388,378,0.127,0.500,0.500,0.500,0.500,0.200,0.200,0.200,0.200,0.200,0.500,0.500,0.500,0.500,0.200,0.200,0.200,0.200,0.200
2420,12951739.872,2,2,379,0,0,0,0,0,0.066,379,388,0.050,0.714,0.714,0.615,0.615,0.500,0.364,0.200,0.200,0.200,0.571,0.571,0.462,0.462,0.333,0.364,0.200,0.200,0.200
2421,12951739.948,2,2,375,0,0,0,0,0,0.051,375,379,0.055,0.500,0.500,0.500,0.500,0.500,0.200,0.200,0.200,0.200,0.500,0.500,0.500,0.500,0.500,0.200,0.200,0.200,0.200
2422,12951740.022,2,2,376,0,0,0,0,0,0.074,376,375,0.020,0.667,0.571,0.462,0.462,0.333,0.333,0.182,0.182,0.182,0.667,0.571,0.462,0.462,0.333,0.333,0.182,0.182,0.182
2423,12951740.095,2,2,387,0,0,0,0,0,0.062,387,376,0.074,0.533,0.533,0.462,0.462,0.462,0.462,0.333,0.182,0.182,0.533,0.533,0.462,0.462,0.462,0.462,0.333,0.182,0.182
2424,12951740.169,2,2,391,0,0,0,0,0,0.079,391,387,0.063,0.533,0.533,0.429,0.429,0.333,0.333,0.333,0.333,0.182,0.533,0.533,0.429,0.429,0.333,0.333,0.333,0.333,0.182
2425,12951740.240,2,2,393,0,0,0,0,0,0.081,393,391,0.012,0.706,0.706,0.533,0.429,0.429,0.429,0.333,0.333,0.182,0.706,0.706,0.533,0.429,0.429,0.429,0.333,0.333,0.182
2426,12951740.314,3,3,392,0,0,0,0,0,0.079,392,393,0.002,0.400,0.429,0.429,0.429,0.429,0.308,0.182,0.182,0.182,0.400,0.429,0.429,0.429,0.429,0.308,0.182,0.182,0.182
2427,12951740.389,2,2,402,0,0,0,0,0,0.080,402,392,0.108,0.429,0.429,0.429,0.429,0.333,0.333,0.333,0.333,0.333,0.429,0.429,0.429,0.429,0.333,0.333,0.333,0.333,0.333
2428,12951740.461,2,2,395,0,0,0,0,0,0.078,395,402,0.035,0.625,0.625,0.533,0.533,0.429,0.333,0.333,0.333,0.333,0.625,0.625,0.533,0.533,0.429,0.333,0.333,0.333,0.333
2429,12951740.533,5,5,399,0,0,0,0,0,0.128,399,395,0.039,0.400,0.500,0.500,0.533,0.462,0.462,0.333,0.333,0.333,0.400,0.500,0.500,0.533,0.462,0.462,0.333,0.333,0.333
2430,12951740.608,2,2,375,0,0,0,0,0,0.069,375,399,0.019,0.625,0.625,0.533,0.429,0.429,0.429,0.308,0.308,0.308,0.625,0.625,0.533,0.429,0.429,0.429,0.308,0.308,0.308
2431,12951740.681,3,3,365,0,0,0,0,0,0.077,365,375,0.027,0.500,0.533,0.533,0.429,0.429,0.462,0.462,0.462,0.182,0.500,0.533,0.533,0.429,0.429,0.462,0.462,0.462,0.182
2432,12951740.754,2,2,378,0,0,0,0,0,0.069,378,365,0.045,0.462,0.462,0.462,0.462,0.462,0.462,0.462,0.333,0.333,0.462,0.462,0.462,0.462,0.462,0.462,0.462,0.333,0.333
2433,12951740.827,3,3,368,0,0,0,0,0,0.065,368,378,0.097,0.429,0.462,0.462,0.333,0.333,0.333,0.182,0.182,0.182,0.429,0.462,0.462,0.333,0.333,0.333,0.182,0.182,0.182
2434,12951740.901,2,2,359,0,0,0,0,0,0.061,359,368,0.051,0.615,0.615,0.500,0.500,0.500,0.500,0.364,0.364,0.364,0.615,0.615,0.500,0.500,0.500,0.500,0.364,0.364,0.364
2435,12951740.974,2,2,374,0,0,0,0,0,0.075,374,359,0.050,0.824,0.750,0.571,0.571,0.571,0.571,0.462,0.333,0.333,0.824,0.750,0.571,0.571,0.571,0.571,0.462,0.333,0.333
2436,12951741.048,2,2,365,0,0,0,0,0,0.079,365,374,0.066,0.706,0.706,0.667,0.571,0.462,0.462,0.462,0.462,0.333,0.706,0.706,0.667,0.571,0.462,0.462,0.462,0.462,0.333
2437,12951741.120,2,2,368,0,0,0,0,0,0.073,368,365,0.114,0.625,0.625,0.429,0.429,0.429,0.308,0.308,0.308,0.429,0.625,0.625,0.429,0.429,0.429,0.308,0.308,0.308,0.286
2438,12951741.195,2,2,384,0,0,0,0,0,0.078,384,368,0.106,0.667,0.667,0.667,0.462,0.462,0.333,0.333,0.333,0.333,0.667,0.667,0.667,0.462,0.462,0.333,0.333,0.333,0.333
2439,12951741.270,2,2,374,0,0,0,0,0,0.075,374,384,0.135,0.667,0.667,0.571,0.462,0.333,0.333,0.333,0.333,0.333,0.667,0.667,0.571,0.462,0.333,0.333,0.333,0.333,0.333
2440,12951741.342,2,2,370,0,0,0,0,0,0.076,370,374,0.171,0.625,0.625,0.625,0.533,0.429,0.429,0.308,0.308,0.308,0.625,0.625,0.625,0.533,0.429,0.429,0.308,0.308,0.308
2441,12951741.413,2,2,383,0,0,0,0,0,0.089,383,370,0.144,0.706,0.706,0.706,0.706,0.625,0.625,0.429,0.308,0.308,0.706,0.706,0.706,0.706,0.625,0.625,0.429,0.308,0.308
2442,12951741.490,2,2,375,0,0,0,0,0,0.080,375,383,0.122,0.750,0.750,0.750,0.750,0.571,0.462,0.462,0.333,0.333,0.750,0.750,0.750,0.750,0.571,0.462,0.462,0.333,0.333
2443,12951741.563,2,2,388,0,0,0,0,0,0.088,388,375,0.145,0.667,0.667,0.667,0.571,0.571,0.571,0.333,0.333,0.333,0.667,0.667,0.667,0.571,0.571,0.571,0.333,0.333,0.333
2444,12951741.637,2,2,398,0,0,0,0,0,0.090,398,388,0.141,0.667,0.667,0.667,0.571,0.571,0.462,0.462,0.333,0.333,0.667,0.667,0.667,0.571,0.571,0.462,0.462,0.333,0.333
2445,12951741.709,2,2,383,0,0,0,0,0,0.110,383,398,0.197,0.778,0.778,0.625,0.533,0.429,0.429,0.308,0.333,0.333,0.778,0.778,0.625,0.533,0.429,0.429,0.308,0.333,0.333
2446,12951741.855,2,2,380,0,0,0,0,0,0.074,380,383,0.154,0.778,0.778,0.706,0.533,0.400,0.308,0.308,0.308,0.333,0.778,0.778,0.706,0.533,0.400,0.308,0.308,0.308,0.333
2447,12951741.930,2,2,398,0,0,0,0,0,0.095,398,380,0.090,0.667,0.667,0.588,0.625,0.308,0.308,0.308,0.308,0.308,0.667,0.667,0.588,0.625,0.308,0.308,0.308,0.308,0.308
2448,12951742.002,2,2,384,0,0,0,0,0,0.073,384,398,0.131,0.667,0.667,0.667,0.500,0.400,0.429,0.308,0.308,0.308,0.667,0.667,0.667,0.500,0.400,0.429,0.308,0.308,0.308
2449,12951742.073,2,2,390,0,0,0,0,0,0.067,390,384,0.080,0.750,0.750,0.750,0.750,0.571,0.462,0.462,0.333,0.333,0.750,0.750,0.750,0.750,0.571,0.462,0.462,0.333,0.333
2450,12951742.148,2,2,390,0,0,0,0,0,0.079,390,390,0.022,0.737,0.737,0.588,0.625,0.429,0.429,0.308,0.308,0.308,0.737,0.737,0.588,0.625,0.429,0.429,0.308,0.308,0.308
2451,12951742.222,2,2,385,0,0,0,0,0,0.086,385,390,0.065,0.750,0.750,0.667,0.462,0.462,0.333,0.333,0.333,0.333,0.750,0.750,0.667,0.462,0.462,0.333,0.333,0.333,0.333
2452,12951742.295,5,5,385,0,0,0,0,0,0.073,385,385,0.057,0.400,0.400,0.429,0.462,0.462,0.333,0.333,0.333,0.333,0.400,0.400,0.429,0.462,0.462,0.333,0.333,0.333,0.333
2453,12951742.368,4,4,395,0,0,0,0,0,0.091,395,385,0.018,0.588,0.588,0.625,0.533,0.429,0.429,0.429,0.308,0.167,0.588,0.588,0.625,0.533,0.429,0.429,0.429,0.308,0.167
2454,12951742.441,2,2,394,0,0,0,0,0,0.099,394,395,0.118,0.737,0.737,0.667,0.625,0.625,0.308,0.308,0.308,0.308,0.737,0.737,0.667,0.625,0.625,0.308,0.308,0.308,0.308
2455,12951742.515,2,2,402,0,0,0,0,0,0.092,402,394,0.035,0.842,0.842,0.842,0.842,0.625,0.533,0.429,0.429,0.429,0.842,0.842,0.842,0.842,0.625,0.533,0.429,0.429,0.429
2456,12951742.589,4,4,379,0,0,0,0,0,0.077,379,402,0.105,0.500,0.500,0.533,0.533,0.533,0.533,0.429,0.308,0.167,0.500,0.500,0.533,0.533,0.533,0.533,0.429,0.308,0.167
2457,12951742.661,3,3,397,0,0,0,0,0,0.086,397,379,0.044,0.762,0.800,0.778,0.625,0.625,0.308,0.308,0.308,0.308,0.762,0.800,0.778,0.625,0.625,0.308,0.308,0.308,0.308
2458,12951742.736,5,5,396,0,0,0,0,0,0.091,396,397,0.009,0.667,0.667,0.667,0.706,0.625,0.533,0.308,0.308,0.308,0.667,0.667,0.667,0.706,0.625,0.533,0.308,0.308,0.308
2459,12951742.810,2,2,398,0,0,0,0,0,0.065,398,396,0.110,0.706,0.706,0.625,0.625,0.533,0.308,0.308,0.167,0.167,0.706,0.706,0.625,0.625,0.533,0.308,0.308,0.167,0.167
2460,12951742.883,2,2,406,0,0,0,0,0,0.099,406,398,0.198,0.900,0.900,0.778,0.625,0.533,0.429,0.308,0.308,0.308,0.900,0.900,0.778,0.625,0.533,0.429,0.308,0.308,0.308
2461,12951742.955,4,4,373,0,0,0,0,0,0.107,373,406,0.121,0.667,0.667,0.706,0.625,0.533,0.571,0.333,0.333,0.333,0.667,0.667,0.706,0.625,0.533,0.571,0.333,0.333,0.167
2462,12951743.030,5,5,413,0,0,0,0,1,0.109,414,373,0.059,0.526,0.526,0.556,0.625,0.625,0.533,0.533,0.429,0.308,0.526,0.526,0.556,0.625,0.625,0.533,0.533,0.429,0.308
2463,12951743.105,2,2,408,0,0,0,0,0,0.108,408,414,0.154,0.700,0.700,0.632,0.632,0.625,0.625,0.429,0.308,0.308,0.700,0.700,0.632,0.632,0.625,0.625,0.429,0.308,0.308
2464,12951743.177,4,4,406,0,0,0,0,0,0.123,406,408,0.110,0.571,0.571,0.600,0.571,0.556,0.500,0.429,0.308,0.308,0.571,0.571,0.600,0.571,0.556,0.500,0.429,0.308,0.308
2465,12951743.250,3,3,412,0,0,0,0,0,0.129,412,406,0.207,0.720,0.750,0.727,0.737,0.667,0.500,0.400,0.286,0.308,0.720,0.750,0.727,0.737,0.667,0.500,0.400,0.286,0.308
2466,12951743.324,2,2,405,0,0,0,0,0,0.126,405,412,0.070,0.696,0.696,0.696,0.632,0.625,0.429,0.429,0.429,0.308,0.696,0.696,0.696,0.632,0.625,0.429,0.429,0.429,0.308
2467,12951743.398,2,2,410,0,0,0,0,0,0.141,410,405,0.270,0.727,0.727,0.700,0.632,0.556,0.471,0.400,0.375,0.308,0.727,0.727,0.700,0.632,0.556,0.471,0.400,0.375,0.308
2468,12951743.472,2,2,434,0,0,0,0,0,0.168,434,410,0.217,0.750,0.750,0.696,0.636,0.556,0.556,0.556,0.500,0.286,0.750,0.750,0.696,0.636,0.556,0.556,0.556,0.500,0.286
2469,12951743.543,3,3,449,0,0,0,0,0,0.176,449,434,0.206,0.750,0.783,0.727,0.727,0.600,0.632,0.471,0.471,0.400,0.750,0.783,0.727,0.727,0.600,0.632,0.471,0.471,0.400
2470,12951743.619,3,3,432,0,0,0,0,0,0.150,432,449,0.207,0.750,0.783,0.727,0.700,0.556,0.556,0.471,0.471,0.471,0.750,0.783,0.727,0.700,0.556,0.556,0.471,0.471,0.471
2471,12951743.694,4,4,425,0,0,0,0,0,0.151,425,432,0.193,0.720,0.720,0.727,0.632,0.632,0.471,0.500,0.500,0.400,0.720,0.720,0.727,0.632,0.632,0.471,0.500,0.500,0.400
2472,12951743.767,2,2,408,0,0,0,0,0,0.120,408,425,0.192,0.571,0.571,0.500,0.471,0.471,0.267,0.286,0.286,0.308,0.571,0.571,0.500,0.471,0.471,0.267,0.286,0.286,0.308
2473,12951743.840,4,4,416,0,0,0,0,1,0.120,417,408,0.167,0.444,0.444,0.471,0.375,0.375,0.444,0.471,0.267,0.154,0.444,0.444,0.471,0.375,0.375,0.444,0.471,0.267,0.154
2474,12951743.911,6,6,412,0,0,0,0,1,0.145,413,417,0.205,0.636,0.667,0.667,0.700,0.737,0.625,0.588,0.500,0.400,0.636,0.667,0.667,0.700,0.737,0.625,0.588,0.500,0.400
2475,12951743.986,3,3,414,0,0,0,0,0,0.152,414,413,0.246,0.636,0.667,0.667,0.667,0.667,0.625,0.625,0.625,0.533,0.636,0.667,0.667,0.667,0.667,0.625,0.625,0.625,0.533
2476,12951744.059,5,5,393,0,0,0,0,0,0.127,393,414,0.286,0.696,0.727,0.727,0.800,0.667,0.632,0.500,0.400,0.308,0.696,0.727,0.727,0.800,0.667,0.632,0.500,0.400,0.308
2477,12951744.133,7,7,406,0,0,0,0,0,0.140,406,393,0.207,0.583,0.583,0.571,0.571,0.556,0.588,0.500,0.154,0.154,0.583,0.583,0.571,0.571,0.556,0.588,0.500,0.154,0.154
2478,12951744.205,5,5,421,0,0,0,0,0,0.162,421,406,0.205,0.615,0.696,0.667,0.700,0.667,0.588,0.625,0.533,0.429,0.615,0.696,0.667,0.700,0.667,0.588,0.625,0.533,0.429
2479,12951744.278,6,5,413,0,0,0,0,0,0.140,413,421,0.212,0.696,0.696,0.696,0.727,0.737,0.588,0.533,0.533,0.500,0.609,0.609,0.609,0.636,0.632,0.471,0.400,0.400,0.500
2480,12951744.352,4,4,402,0,0,0,0,0,0.107,402,413,0.096,0.667,0.667,0.737,0.588,0.588,0.588,0.400,0.429,0.308,0.571,0.571,0.632,0.588,0.588,0.588,0.400,0.429,0.308
2481,12951744.425,5,5,425,0,0,0,0,0,0.144,425,402,0.151,0.667,0.667,0.700,0.737,0.625,0.400,0.167,0.167,0.167,0.667,0.667,0.700,0.737,0.625,0.400,0.167,0.167,0.167
2482,12951744.497,6,6,419,0,0,0,0,0,0.148,419,425,0.156,0.636,0.571,0.600,0.632,0.706,0.556,0.286,0.308,0.167,0.636,0.571,0.600,0.632,0.706,0.556,0.286,0.308,0.167
2483,12951744.572,2,2,413,0,0,0,0,0,0.138,413,419,0.135,0.818,0.762,0.737,0.588,0.471,0.421,0.421,0.353,0.267,0.727,0.667,0.632,0.471,0.471,0.421,0.421,0.353,0.267
2484,12951744.645,2,2,414,0,0,0,0,0,0.130,414,413,0.145,0.640,0.640,0.609,0.636,0.556,0.353,0.375,0.375,0.286,0.560,0.560,0.522,0.545,0.444,0.353,0.375,0.375,0.286
2485,12951744.718,3,3,417,0,0,0,0,0,0.129,417,414,0.096,0.636,0.667,0.667,0.667,0.667,0.632,0.556,0.471,0.400,0.636,0.667,0.667,0.667,0.667,0.632,0.556,0.353,0.400
2486,12951744.791,3,3,397,0,0,0,0,0,0.118,397,417,0.101,0.667,0.700,0.600,0.667,0.667,0.588,0.400,0.286,0.286,0.667,0.700,0.600,0.667,0.667,0.588,0.400,0.286,0.286
2487,12951744.865,3,3,409,0,0,0,0,1,0.185,410,397,0.059,0.480,0.571,0.444,0.471,0.533,0.308,0.167,0.167,0.167,0.480,0.571,0.444,0.471,0.533,0.308,0.167,0.167,0.167
2488,12951744.939,4,4,396,0,0,0,0,1,0.139,397,410,0.030,0.800,0.800,0.842,0.533,0.429,0.308,0.308,0.308,0.308,0.800,0.800,0.842,0.533,0.429,0.308,0.308,0.308,0.308
2489,12951745.013,2,2,388,0,0,0,0,0,0.113,388,397,0.015,0.526,0.444,0.500,0.500,0.375,0.308,0.308,0.308,0.308,0.526,0.444,0.500,0.500,0.375,0.308,0.308,0.308,0.308
2490,12951745.084,2,2,393,0,0,0,0,1,0.129,394,388,0.041,0.727,0.727,0.632,0.632,0.556,0.471,0.429,0.429,0.429,0.727,0.727,0.632,0.632,0.556,0.471,0.429,0.429,0.429
2491,12951745.158,4,4,390,0,0,0,0,0,0.128,390,394,0.126,0.727,0.727,0.762,0.700,0.667,0.588,0.588,0.533,0.308,0.636,0.636,0.762,0.700,0.667,0.588,0.588,0.533,0.308
2492,12951745.233,2,2,367,0,0,0,0,0,0.106,367,390,0.043,0.700,0.700,0.700,0.632,0.556,0.500,0.400,0.308,0.167,0.700,0.700,0.700,0.632,0.556,0.500,0.400,0.308,0.167
2493,12951745.305,2,2,378,0,0,0,0,0,0.114,378,367,0.056,0.632,0.632,0.632,0.632,0.500,0.400,0.400,0.429,0.429,0.632,0.632,0.632,0.632,0.500,0.400,0.400,0.429,0.429
2494,12951745.377,4,4,382,0,0,0,0,0,0.131,382,378,0.090,0.600,0.667,0.706,0.533,0.533,0.533,0.462,0.462,0.500,0.600,0.667,0.706,0.533,0.533,0.400,0.462,0.462,0.500
2495,12951745.449,2,2,379,0,0,0,0,0,0.103,379,382,0.025,0.625,0.625,0.625,0.533,0.429,0.429,0.429,0.462,0.500,0.625,0.625,0.625,0.533,0.429,0.429,0.429,0.462,0.500
2496,12951745.523,2,2,397,0,0,0,0,0,0.113,397,379,0.050,0.700,0.700,0.700,0.700,0.632,0.556,0.588,0.533,0.429,0.700,0.700,0.700,0.700,0.632,0.556,0.588,0.533,0.429
2497,12951745.597,4,4,390,0,0,0,0,0,0.113,390,397,0.035,0.800,0.800,0.842,0.842,0.778,0.667,0.667,0.667,0.571,0.800,0.800,0.842,0.842,0.778,0.667,0.667,0.667,0.571
2498,12951745.671,5,5,387,0,0,0,0,0,0.119,387,390,0.036,0.700,0.700,0.737,0.778,0.625,0.667,0.667,0.571,0.462,0.700,0.700,0.737,0.778,0.625,0.667,0.667,0.571,0.462
2499,12951745.816,6,6,392,0,0,0,0,0,0.105,392,387,0.026,0.600,0.600,0.600,0.632,0.706,0.625,0.533,0.533,0.533,0.600,0.600,0.600,0.632,0.706,0.625,0.533,0.533,0.533
2500,12951745.891,6,6,402,0,0,0,0,0,0.114,402,392,0.017,0.500,0.526,0.526,0.588,0.625,0.571,0.571,0.462,0.462,0.500,0.526,0.526,0.588,0.625,0.571,0.571,0.462,0.462
2501,12951745.963,8,8,399,0,0,0,0,0,0.093,399,402,0.005,0.556,0.556,0.471,0.500,0.533,0.533,0.571,0.462,0.333,0.556,0.556,0.471,0.500,0.533,0.533,0.571,0.462,0.333
2502,12951746.036,2,2,406,0,0,0,0,0,0.089,406,399,0.004,0.737,0.737,0.667,0.571,0.571,0.571,0.571,0.462,0.462,0.737,0.737,0.667,0.571,0.571,0.571,0.571,0.462,0.462
2503,12951746.111,4,4,413,0,0,0,0,0,0.094,413,406,0.047,0.526,0.526,0.556,0.500,0.500,0.500,0.500,0.400,0.286,0.421,0.421,0.444,0.375,0.375,0.375,0.375,0.267,0.286
2504,12951746.185,2,2,394,0,0,0,0,0,0.107,394,413,0.065,0.600,0.600,0.526,0.444,0.471,0.500,0.400,0.286,0.286,0.600,0.600,0.526,0.444,0.471,0.500,0.400,0.286,0.286
2505,12951746.258,4,4,392,0,0,0,0,0,0.097,392,394,0.048,0.526,0.526,0.588,0.500,0.500,0.500,0.400,0.308,0.308,0.421,0.421,0.471,0.375,0.375,0.375,0.267,0.154,0.308
2506,12951746.331,5,5,410,0,0,0,0,0,0.107,410,392,0.068,0.636,0.571,0.632,0.667,0.588,0.500,0.400,0.400,0.308,0.636,0.571,0.632,0.667,0.588,0.500,0.400,0.400,0.308
2507,12951746.405,2,2,417,0,0,0,0,0,0.106,417,410,0.088,0.667,0.667,0.588,0.588,0.588,0.400,0.400,0.400,0.400,0.667,0.667,0.588,0.588,0.588,0.400,0.400,0.400,0.400
2508,12951746.478,2,2,416,0,0,0,0,0,0.111,416,417,0.075,0.556,0.556,0.556,0.471,0.471,0.471,0.556,0.471,0.375,0.556,0.556,0.556,0.471,0.471,0.471,0.556,0.471,0.375
2509,12951746.552,2,2,415,0,0,0,0,0,0.106,415,416,0.060,0.471,0.471,0.471,0.471,0.375,0.375,0.375,0.375,0.375,0.471,0.471,0.471,0.471,0.375,0.375,0.375,0.375,0.375
2510,12951746.624,2,2,398,0,0,0,0,0,0.093,398,415,0.085,0.556,0.556,0.471,0.471,0.471,0.375,0.375,0.375,0.375,0.556,0.556,0.471,0.471,0.471,0.375,0.375,0.375,0.375
2511,12951746.698,2,2,396,0,0,0,0,0,0.098,396,398,0.073,0.556,0.556,0.556,0.556,0.471,0.375,0.400,0.400,0.286,0.556,0.556,0.556,0.556,0.471,0.375,0.400,0.400,0.286
2512,12951746.773,2,2,401,0,0,0,0,0,0.100,401,396,0.111,0.526,0.526,0.526,0.526,0.353,0.353,0.267,0.267,0.286,0.526,0.526,0.526,0.526,0.353,0.353,0.267,0.267,0.286
2513,12951746.845,7,7,392,0,0,0,0,0,0.105,392,401,0.096,0.600,0.600,0.600,0.600,0.600,0.632,0.556,0.400,0.286,0.500,0.500,0.500,0.500,0.500,0.526,0.444,0.267,0.143
2514,12951746.917,2,2,395,0,0,0,0,0,0.101,395,392,0.126,0.632,0.632,0.632,0.632,0.632,0.267,0.267,0.286,0.286,0.632,0.632,0.632,0.632,0.632,0.267,0.267,0.286,0.286
2515,12951746.994,2,2,398,0,0,0,0,0,0.098,398,395,0.095,0.625,0.625,0.625,0.533,0.429,0.429,0.400,0.400,0.308,0.500,0.500,0.500,0.400,0.286,0.286,0.267,0.267,0.154
2516,12951747.067,4,4,405,0,0,0,0,0,0.096,405,398,0.081,0.571,0.571,0.632,0.632,0.632,0.471,0.500,0.500,0.500,0.571,0.571,0.632,0.632,0.632,0.471,0.500,0.500,0.500
2517,12951747.141,6,9,397,0,0,0,0,1,0.103,398,405,0.083,0.526,0.526,0.526,0.526,0.556,0.471,0.375,0.375,0.267,0.316,0.316,0.316,0.211,0.222,0.235,0.250,0.375,0.267
2518,12951747.213,2,2,406,0,0,0,0,0,0.089,406,398,0.105,0.471,0.471,0.471,0.471,0.471,0.375,0.375,0.267,0.143,0.471,0.471,0.471,0.471,0.471,0.375,0.375,0.267,0.143
2519,12951747.286,2,2,406,0,0,0,0,0,0.096,406,406,0.136,0.556,0.556,0.500,0.400,0.286,0.286,0.267,0.375,0.400,0.444,0.444,0.375,0.267,0.143,0.143,0.267,0.375,0.400
2520,12951747.360,2,2,393,0,0,0,0,0,0.097,393,406,0.107,0.500,0.500,0.500,0.500,0.500,0.500,0.286,0.286,0.286,0.375,0.375,0.375,0.375,0.375,0.375,0.143,0.143,0.143
2521,12951747.434,2,2,397,0,0,0,0,0,0.108,397,393,0.097,0.526,0.526,0.471,0.471,0.471,0.471,0.267,0.267,0.267,0.316,0.316,0.235,0.235,0.235,0.235,0.000,0.000,0.133
2522,12951747.506,3,9,398,0,0,0,0,0,0.090,398,397,0.067,0.444,0.471,0.375,0.375,0.375,0.375,0.267,0.267,0.267,0.222,0.235,0.125,0.125,0.250,0.250,0.133,0.267,0.267
2523,12951747.577,4,4,401,0,0,0,0,0,0.105,401,398,0.085,0.526,0.526,0.588,0.500,0.500,0.500,0.500,0.500,0.143,0.526,0.526,0.588,0.500,0.500,0.500,0.500,0.500,0.143
2524,12951747.652,6,9,388,0,0,0,0,0,0.103,388,401,0.018,0.526,0.526,0.526,0.471,0.556,0.556,0.444,0.471,0.267,0.316,0.316,0.316,0.235,0.444,0.444,0.444,0.471,0.267
2525,12951747.726,3,3,392,0,0,0,0,0,0.102,392,388,0.068,0.600,0.632,0.632,0.556,0.556,0.556,0.267,0.267,0.143,0.500,0.526,0.526,0.444,0.444,0.444,0.133,0.133,0.000
2526,12951747.798,4,4,407,0,0,0,0,0,0.101,407,392,0.034,0.632,0.632,0.667,0.588,0.500,0.500,0.500,0.400,0.286,0.526,0.526,0.556,0.471,0.500,0.500,0.500,0.400,0.286
2527,12951747.871,2,2,408,0,0,0,0,0,0.103,408,407,0.001,0.571,0.571,0.571,0.526,0.526,0.526,0.444,0.353,0.250,0.476,0.476,0.476,0.421,0.421,0.421,0.333,0.235,0.250
2528,12951747.945,5,5,391,0,0,0,0,0,0.105,391,408,0.062,0.381,0.381,0.400,0.421,0.353,0.375,0.375,0.375,0.267,0.286,0.286,0.300,0.316,0.235,0.250,0.250,0.250,0.133
2529,12951748.019,7,7,393,0,0,0,0,2,0.096,395,391,0.037,0.353,0.375,0.375,0.375,0.375,0.400,0.286,0.286,0.286,0.235,0.250,0.250,0.250,0.250,0.267,0.143,0.143,0.143
2530,12951748.093,2,2,387,0,0,0,0,0,0.096,387,395,0.055,0.471,0.471,0.471,0.375,0.375,0.375,0.375,0.267,0.267,0.353,0.353,0.353,0.250,0.250,0.250,0.250,0.267,0.267
2531,12951748.165,4,4,411,0,0,0,0,0,0.109,411,387,0.044,0.476,0.476,0.526,0.526,0.444,0.444,0.444,0.444,0.353,0.476,0.476,0.526,0.526,0.444,0.444,0.444,0.444,0.353
2532,12951748.239,7,6,407,0,0,0,0,0,0.113,407,411,0.060,0.316,0.333,0.333,0.333,0.353,0.471,0.471,0.471,0.471,0.211,0.222,0.222,0.222,0.235,0.235,0.235,0.235,0.235
2533,12951748.313,7,8,417,0,0,0,0,1,0.108,418,407,0.033,0.526,0.556,0.556,0.500,0.500,0.625,0.625,0.533,0.429,0.421,0.444,0.444,0.375,0.375,0.375,0.500,0.400,0.286
2534,12951748.386,4,4,411,0,0,0,0,0,0.102,411,418,0.057,0.444,0.471,0.500,0.500,0.286,0.286,0.286,0.154,0.154,0.333,0.353,0.375,0.375,0.143,0.143,0.143,0.000,0.000
2535,12951748.459,2,2,404,0,0,0,0,0,0.114,404,411,0.007,0.667,0.667,0.667,0.667,0.588,0.500,0.533,0.400,0.400,0.556,0.556,0.556,0.556,0.471,0.375,0.400,0.400,0.400
2536,12951748.534,3,3,407,0,0,0,0,0,0.108,407,404,0.032,0.526,0.556,0.556,0.556,0.471,0.375,0.375,0.375,0.267,0.526,0.556,0.556,0.556,0.471,0.375,0.375,0.375,0.267
2537,12951748.681,2,2,402,0,0,0,0,0,0.134,402,407,0.053,0.556,0.556,0.556,0.556,0.471,0.471,0.471,0.500,0.500,0.444,0.444,0.444,0.444,0.353,0.353,0.353,0.375,0.375
2538,12951748.754,5,5,385,0,0,0,0,0,0.122,385,402,0.079,0.556,0.556,0.556,0.588,0.588,0.500,0.500,0.500,0.500,0.444,0.444,0.444,0.471,0.471,0.375,0.375,0.375,0.375
2539,12951748.825,2,2,377,0,0,0,0,0,0.111,377,385,0.028,0.588,0.588,0.588,0.588,0.588,0.500,0.500,0.500,0.500,0.588,0.588,0.588,0.588,0.588,0.500,0.500,0.500,0.500
2540,12951748.899,2,2,405,0,0,0,0,0,0.109,405,377,0.055,0.556,0.556,0.556,0.556,0.556,0.400,0.400,0.400,0.286,0.556,0.556,0.556,0.556,0.556,0.267,0.267,0.267,0.143
2541,12951748.973,6,6,422,0,0,0,0,0,0.128,422,405,0.050,0.500,0.500,0.500,0.526,0.556,0.471,0.375,0.375,0.400,0.500,0.500,0.500,0.526,0.556,0.471,0.375,0.375,0.400
2542,12951749.045,9,2,388,0,0,0,0,1,0.108,389,422,0.040,0.421,0.421,0.421,0.353,0.267,0.267,0.267,0.429,0.286,0.316,0.316,0.316,0.235,0.133,0.133,0.133,0.143,0.143
2543,12951749.116,7,7,401,0,0,0,0,0,0.112,401,389,0.044,0.353,0.353,0.353,0.375,0.375,0.400,0.286,0.286,0.286,0.353,0.353,0.353,0.375,0.375,0.400,0.286,0.286,0.286
2544,12951749.192,2,2,395,0,0,0,0,0,0.111,395,401,0.042,0.556,0.556,0.556,0.556,0.471,0.400,0.400,0.400,0.286,0.556,0.556,0.556,0.556,0.471,0.400,0.400,0.400,0.286
2545,12951749.265,5,5,404,0,0,0,0,1,0.109,405,395,0.000,0.571,0.632,0.667,0.706,0.706,0.625,0.429,0.429,0.429,0.381,0.421,0.444,0.471,0.471,0.375,0.143,0.143,0.143
2546,12951749.338,5,5,386,0,0,0,0,0,0.106,386,405,0.040,0.375,0.375,0.375,0.400,0.400,0.400,0.400,0.286,0.154,0.375,0.375,0.375,0.400,0.400,0.400,0.400,0.286,0.154
2547,12951749.410,2,2,389,0,0,0,0,0,0.105,389,386,0.030,0.600,0.600,0.526,0.588,0.588,0.588,0.400,0.400,0.400,0.600,0.600,0.526,0.588,0.588,0.588,0.400,0.400,0.400
2548,12951749.485,4,4,392,0,0,0,0,0,0.107,392,389,0.055,0.526,0.526,0.556,0.500,0.500,0.500,0.533,0.429,0.429,0.526,0.526,0.556,0.500,0.500,0.500,0.533,0.429,0.429
2549,12951749.558,2,2,396,0,0,0,0,0,0.134,396,392,0.048,0.600,0.600,0.526,0.526,0.588,0.500,0.500,0.500,0.533,0.600,0.600,0.526,0.526,0.588,0.500,0.500,0.500,0.533
2550,12951749.632,6,8,408,0,0,0,0,0,0.118,408,396,0.056,0.600,0.600,0.600,0.556,0.625,0.625,0.588,0.500,0.500,0.400,0.400,0.400,0.333,0.375,0.375,0.471,0.375,0.375
2551,12951749.704,5,5,420,0,0,0,0,1,0.143,421,408,0.049,0.545,0.545,0.600,0.667,0.588,0.625,0.533,0.533,0.400,0.455,0.455,0.500,0.556,0.471,0.500,0.400,0.400,0.400
2552,12951749.777,10,10,412,0,0,0,0,0,0.117,412,421,0.046,0.526,0.526,0.526,0.556,0.500,0.500,0.500,0.500,0.588,0.526,0.526,0.526,0.556,0.500,0.500,0.500,0.500,0.588
2553,12951749.853,3,3,408,0,0,0,0,1,0.122,409,412,0.008,0.556,0.625,0.625,0.533,0.571,0.571,0.571,0.571,0.571,0.556,0.625,0.625,0.533,0.571,0.571,0.571,0.571,0.571
2554,12951749.925,7,6,420,0,0,0,0,0,0.138,420,409,0.008,0.526,0.526,0.588,0.588,0.625,0.706,0.625,0.625,0.429,0.316,0.316,0.353,0.353,0.375,0.353,0.250,0.250,0.286
2555,12951749.998,5,5,433,0,0,0,0,0,0.132,433,420,0.002,0.632,0.632,0.632,0.667,0.667,0.667,0.625,0.625,0.429,0.526,0.526,0.526,0.556,0.556,0.556,0.500,0.500,0.286
2556,12951750.074,4,4,424,0,0,0,0,0,0.130,424,433,0.026,0.600,0.600,0.632,0.632,0.588,0.625,0.625,0.625,0.625,0.400,0.400,0.421,0.421,0.353,0.375,0.375,0.375,0.375
2557,12951750.147,7,7,432,0,0,0,0,0,0.155,432,424,0.018,0.522,0.545,0.632,0.706,0.706,0.750,0.750,0.750,0.750,0.522,0.545,0.632,0.706,0.706,0.750,0.750,0.750,0.750
2558,12951750.220,8,8,427,0,0,0,0,0,0.155,427,432,0.123,0.600,0.600,0.600,0.667,0.667,0.706,0.750,0.750,0.750,0.400,0.400,0.400,0.444,0.444,0.471,0.500,0.500,0.500
2559,12951750.293,7,7,413,0,0,0,0,0,0.128,413,427,0.015,0.545,0.545,0.600,0.600,0.632,0.667,0.588,0.625,0.533,0.455,0.455,0.500,0.500,0.526,0.556,0.471,0.500,0.400
2560,12951750.365,6,6,409,0,0,0,0,0,0.137,409,413,0.014,0.600,0.600,0.632,0.632,0.706,0.533,0.533,0.533,0.533,0.400,0.400,0.421,0.421,0.471,0.400,0.400,0.400,0.400
2561,12951750.439,6,6,422,0,0,0,0,0,0.130,422,409,0.008,0.500,0.526,0.588,0.588,0.625,0.625,0.533,0.429,0.429,0.500,0.526,0.588,0.588,0.625,0.625,0.533,0.429,0.429
2562,12951750.513,7,7,416,0,0,0,0,0,0.118,416,422,0.015,0.632,0.667,0.667,0.667,0.667,0.706,0.706,0.625,0.533,0.632,0.667,0.667,0.667,0.667,0.706,0.706,0.625,0.533
2563,12951750.585,6,6,431,0,0,0,0,0,0.137,431,416,0.015,0.571,0.571,0.632,0.632,0.667,0.500,0.533,0.533,0.533,0.571,0.571,0.632,0.632,0.667,0.500,0.533,0.533,0.533
2564,12951750.660,2,2,419,0,0,0,0,0,0.143,419,431,0.004,0.632,0.632,0.632,0.556,0.556,0.556,0.588,0.588,0.533,0.632,0.632,0.632,0.556,0.556,0.556,0.588,0.588,0.533
2565,12951750.735,4,4,415,0,0,0,0,0,0.133,415,419,0.007,0.632,0.667,0.706,0.706,0.625,0.625,0.625,0.625,0.625,0.421,0.444,0.471,0.471,0.375,0.375,0.375,0.375,0.375
2566,12951750.809,4,9,397,0,0,0,0,0,0.118,397,415,0.021,0.667,0.667,0.706,0.706,0.625,0.625,0.625,0.625,0.625,0.556,0.556,0.588,0.588,0.500,0.500,0.500,0.625,0.625
2567,12951750.880,5,5,416,0,0,0,0,0,0.132,416,397,0.014,0.625,0.625,0.625,0.667,0.667,0.667,0.667,0.571,0.571,0.625,0.625,0.625,0.667,0.667,0.667,0.667,0.571,0.571
2568,12951750.953,6,6,404,0,0,0,0,1,0.126,405,416,0.021,0.667,0.667,0.667,0.667,0.706,0.706,0.706,0.625,0.625,0.444,0.444,0.444,0.444,0.471,0.471,0.471,0.375,0.375
2569,12951751.028,2,2,400,0,0,0,0,0,0.138,400,405,0.007,0.556,0.556,0.556,0.556,0.471,0.471,0.471,0.471,0.375,0.556,0.556,0.556,0.556,0.471,0.471,0.471,0.471,0.375
2570,12951751.101,2,2,400,0,0,0,0,0,0.110,400,400,0.024,0.588,0.588,0.588,0.500,0.500,0.500,0.500,0.400,0.400,0.471,0.471,0.471,0.375,0.375,0.375,0.375,0.267,0.267
2571,12951751.175,4,4,411,0,0,0,0,0,0.122,411,400,0.003,0.600,0.600,0.667,0.667,0.667,0.588,0.588,0.588,0.500,0.400,0.400,0.444,0.444,0.444,0.353,0.353,0.353,0.250
2572,12951751.246,5,5,404,0,0,0,0,0,0.106,404,411,0.017,0.476,0.476,0.500,0.556,0.556,0.471,0.471,0.471,0.471,0.381,0.381,0.400,0.444,0.444,0.353,0.353,0.353,0.353
2573,12951751.320,2,2,395,0,0,0,0,0,0.111,395,404,0.020,0.556,0.556,0.556,0.556,0.556,0.471,0.471,0.375,0.143,0.444,0.444,0.444,0.444,0.444,0.353,0.353,0.250,0.000
2574,12951751.395,5,5,404,0,0,0,0,0,0.124,404,395,0.012,0.600,0.600,0.632,0.667,0.588,0.588,0.588,0.588,0.588,0.500,0.500,0.526,0.556,0.471,0.471,0.471,0.471,0.471
2575,12951751.468,6,6,396,0,0,0,0,1,0.131,397,404,0.039,0.632,0.632,0.632,0.632,0.667,0.588,0.588,0.588,0.500,0.421,0.421,0.421,0.421,0.444,0.353,0.353,0.353,0.250
2576,12951751.540,6,6,382,0,0,0,0,0,0.131,382,397,0.029,0.556,0.556,0.556,0.556,0.588,0.588,0.500,0.400,0.400,0.556,0.556,0.556,0.556,0.588,0.588,0.500,0.400,0.400
2577,12951751.616,6,4,376,0,0,0,0,0,0.114,376,382,0.019,0.700,0.700,0.737,0.706,0.750,0.667,0.571,0.429,0.308,0.600,0.600,0.632,0.588,0.625,0.533,0.429,0.286,0.154
2578,12951751.690,2,2,411,0,0,0,0,0,0.112,411,376,0.011,0.700,0.700,0.700,0.667,0.667,0.667,0.588,0.500,0.400,0.600,0.600,0.600,0.556,0.556,0.556,0.353,0.375,0.267
2579,12951751.763,4,4,421,0,0,0,0,0,0.140,421,411,0.010,0.636,0.667,0.700,0.667,0.667,0.588,0.588,0.500,0.500,0.545,0.571,0.600,0.556,0.556,0.471,0.471,0.375,0.375
2580,12951751.836,5,5,398,0,0,0,0,0,0.111,398,421,0.011,0.600,0.632,0.632,0.667,0.588,0.588,0.500,0.500,0.500,0.500,0.526,0.526,0.556,0.471,0.471,0.375,0.375,0.375
2581,12951751.910,6,2,404,0,0,0,0,0,0.116,404,398,0.011,0.667,0.667,0.667,0.667,0.706,0.706,0.625,0.533,0.429,0.667,0.667,0.667,0.667,0.588,0.588,0.500,0.400,0.286
2582,12951751.983,4,4,394,0,0,0,0,0,0.117,394,404,0.009,0.632,0.632,0.667,0.667,0.667,0.667,0.588,0.588,0.500,0.526,0.526,0.556,0.556,0.556,0.556,0.471,0.471,0.375
2583,12951752.058,6,6,392,0,0,0,0,0,0.102,392,394,0.009,0.600,0.600,0.600,0.632,0.667,0.500,0.500,0.400,0.400,0.400,0.400,0.400,0.421,0.556,0.375,0.375,0.267,0.267
2584,12951752.129,3,3,404,0,0,0,0,0,0.094,404,392,0.019,0.600,0.632,0.632,0.556,0.556,0.500,0.500,0.286,0.286,0.500,0.526,0.526,0.444,0.444,0.375,0.375,0.143,0.143
2585,12951752.204,3,3,402,0,0,0,0,0,0.124,402,404,0.031,0.600,0.632,0.632,0.556,0.471,0.471,0.471,0.267,0.267,0.600,0.632,0.632,0.556,0.471,0.471,0.471,0.267,0.267
2586,12951752.279,2,2,400,0,0,0,0,0,0.133,400,402,0.033,0.667,0.667,0.667,0.667,0.667,0.667,0.588,0.588,0.500,0.571,0.571,0.571,0.556,0.556,0.556,0.471,0.471,0.375
2587,12951752.351,5,5,398,0,0,0,0,0,0.103,398,400,0.018,0.667,0.667,0.667,0.706,0.706,0.625,0.625,0.429,0.429,0.556,0.556,0.556,0.588,0.588,0.500,0.500,0.286,0.286
2588,12951752.423,2,2,372,0,0,0,0,0,0.097,372,398,0.041,0.632,0.632,0.632,0.471,0.500,0.400,0.400,0.286,0.286,0.632,0.632,0.632,0.471,0.375,0.267,0.267,0.143,0.143
2589,12951752.499,5,5,381,0,0,0,0,0,0.097,381,372,0.033,0.545,0.545,0.526,0.556,0.471,0.375,0.375,0.267,0.143,0.545,0.545,0.526,0.556,0.471,0.375,0.375,0.267,0.143
2590,12951752.573,4,4,386,0,0,0,0,0,0.114,386,381,0.076,0.556,0.556,0.588,0.588,0.588,0.588,0.588,0.400,0.400,0.556,0.556,0.588,0.588,0.471,0.471,0.471,0.267,0.267
2591,12951752.646,5,5,380,0,0,0,0,0,0.116,380,386,0.197,0.700,0.700,0.700,0.800,0.800,0.667,0.588,0.500,0.400,0.600,0.600,0.600,0.700,0.700,0.556,0.471,0.375,0.267
2592,12951752.719,5,5,369,0,0,0,0,0,0.103,369,380,0.055,0.700,0.700,0.700,0.737,0.667,0.667,0.588,0.400,0.286,0.500,0.500,0.500,0.526,0.444,0.444,0.353,0.267,0.143
2593,12951752.790,5,5,370,0,0,0,0,0,0.100,370,369,0.159,0.632,0.632,0.632,0.667,0.667,0.588,0.500,0.400,0.400,0.526,0.526,0.526,0.556,0.556,0.471,0.375,0.267,0.267
2594,12951752.864,2,2,372,0,0,0,0,0,0.108,372,370,0.161,0.737,0.737,0.667,0.667,0.667,0.588,0.500,0.400,0.286,0.737,0.737,0.667,0.667,0.667,0.588,0.500,0.400,0.286
2595,12951752.939,2,2,365,0,0,0,0,0,0.099,365,372,0.109,0.667,0.667,0.667,0.667,0.667,0.667,0.667,0.500,0.286,0.556,0.556,0.556,0.556,0.556,0.556,0.556,0.375,0.143
2596,12951753.011,2,2,382,0,0,0,0,0,0.102,382,365,0.059,0.667,0.667,0.667,0.667,0.667,0.667,0.667,0.588,0.588,0.556,0.556,0.556,0.556,0.556,0.556,0.556,0.471,0.471
2597,12951753.157,2,2,355,0,0,0,0,0,0.085,355,382,0.071,0.667,0.667,0.667,0.667,0.667,0.667,0.588,0.500,0.400,0.667,0.667,0.667,0.667,0.667,0.667,0.588,0.500,0.400
2598,12951753.231,2,2,382,0,0,0,0,0,0.086,382,355,0.085,0.737,0.737,0.667,0.588,0.588,0.588,0.588,0.500,0.286,0.737,0.737,0.667,0.588,0.588,0.588,0.588,0.500,0.286
2599,12951753.303,2,2,371,0,0,0,0,0,0.094,371,382,0.103,0.737,0.737,0.737,0.737,0.667,0.588,0.588,0.500,0.500,0.737,0.737,0.737,0.737,0.667,0.588,0.588,0.500,0.500
2600,12951753.377,2,2,393,0,0,0,0,0,0.081,393,371,0.089,0.800,0.800,0.800,0.737,0.667,0.667,0.588,0.400,0.400,0.700,0.700,0.700,0.632,0.556,0.556,0.471,0.400,0.400
2601,12951753.450,2,2,390,0,0,0,0,0,0.095,390,393,0.338,0.737,0.737,0.737,0.737,0.667,0.667,0.667,0.588,0.588,0.737,0.737,0.737,0.737,0.667,0.667,0.667,0.588,0.588
2602,12951753.523,2,2,395,0,0,0,0,0,0.104,395,390,0.222,0.800,0.800,0.800,0.737,0.737,0.667,0.667,0.588,0.400,0.700,0.700,0.700,0.632,0.632,0.556,0.556,0.471,0.267
2603,12951753.598,3,3,398,0,0,0,0,0,0.108,398,395,0.243,0.700,0.737,0.737,0.737,0.737,0.737,0.667,0.667,0.500,0.500,0.526,0.526,0.526,0.526,0.526,0.444,0.444,0.250
2604,12951753.670,6,6,404,0,0,0,0,0,0.101,404,398,0.129,0.700,0.700,0.700,0.700,0.737,0.737,0.667,0.667,0.500,0.700,0.700,0.700,0.700,0.737,0.632,0.667,0.667,0.500
2605,12951753.745,2,2,412,0,0,0,0,0,0.107,412,404,0.426,0.800,0.800,0.737,0.737,0.737,0.667,0.667,0.588,0.500,0.800,0.800,0.737,0.737,0.737,0.667,0.667,0.588,0.500
2606,12951753.819,2,2,404,0,0,0,0,0,0.114,404,412,0.244,0.800,0.800,0.800,0.737,0.737,0.667,0.667,0.667,0.500,0.800,0.800,0.800,0.737,0.737,0.667,0.556,0.556,0.500
2607,12951753.892,4,4,408,0,0,0,0,0,0.130,408,404,0.289,0.700,0.700,0.737,0.737,0.737,0.737,0.667,0.588,0.500,0.600,0.600,0.632,0.632,0.632,0.632,0.556,0.471,0.500
2608,12951753.964,2,2,405,0,0,0,0,0,0.111,405,408,0.334,0.667,0.667,0.667,0.667,0.667,0.667,0.588,0.500,0.400,0.667,0.667,0.667,0.667,0.667,0.667,0.588,0.500,0.400
2609,12951754.039,3,3,391,0,0,0,0,0,0.113,391,405,0.199,0.667,0.700,0.632,0.632,0.556,0.556,0.471,0.400,0.400,0.667,0.700,0.632,0.632,0.556,0.556,0.471,0.400,0.400
2610,12951754.113,2,2,390,0,0,0,0,0,0.105,390,391,0.356,0.737,0.737,0.737,0.737,0.737,0.737,0.667,0.625,0.308,0.737,0.737,0.737,0.737,0.737,0.737,0.667,0.625,0.308
2611,12951754.185,2,2,410,0,0,0,0,0,0.102,410,390,0.310,0.700,0.700,0.700,0.700,0.700,0.700,0.588,0.588,0.500,0.700,0.700,0.700,0.700,0.700,0.700,0.588,0.588,0.500
2612,12951754.258,2,2,409,0,0,0,0,0,0.105,409,410,0.369,0.762,0.762,0.700,0.700,0.700,0.667,0.667,0.588,0.588,0.667,0.667,0.600,0.600,0.600,0.556,0.556,0.588,0.588
2613,12951754.333,2,2,406,0,0,0,0,0,0.089,406,409,0.123,0.800,0.800,0.800,0.737,0.737,0.737,0.500,0.500,0.400,0.800,0.800,0.800,0.737,0.737,0.737,0.500,0.500,0.400
2614,12951754.407,2,2,399,0,0,0,0,0,0.090,399,406,0.300,0.778,0.778,0.778,0.778,0.778,0.706,0.533,0.533,0.429,0.778,0.778,0.778,0.778,0.778,0.706,0.533,0.533,0.429
2615,12951754.481,3,3,408,0,0,0,0,0,0.096,408,399,0.376,0.800,0.842,0.778,0.778,0.778,0.625,0.625,0.533,0.533,0.800,0.842,0.778,0.778,0.778,0.625,0.625,0.533,0.533
2616,12951754.553,3,3,398,0,0,0,0,0,0.103,398,408,0.245,0.727,0.762,0.762,0.737,0.667,0.667,0.667,0.588,0.500,0.636,0.667,0.667,0.632,0.556,0.556,0.667,0.588,0.500
2617,12951754.624,2,2,395,0,0,0,0,0,0.084,395,398,0.352,0.842,0.842,0.842,0.842,0.706,0.706,0.625,0.533,0.308,0.842,0.842,0.842,0.842,0.706,0.706,0.625,0.533,0.308
2618,12951754.700,2,2,403,0,0,0,0,0,0.114,403,395,0.357,0.800,0.800,0.800,0.800,0.737,0.588,0.500,0.500,0.286,0.800,0.800,0.800,0.800,0.737,0.588,0.500,0.500,0.286
2619,12951754.773,4,4,391,0,0,0,0,0,0.100,391,403,0.250,0.762,0.762,0.800,0.800,0.737,0.737,0.588,0.500,0.400,0.762,0.762,0.800,0.800,0.737,0.737,0.588,0.500,0.400
2620,12951754.845,2,2,392,0,0,0,0,0,0.092,392,391,0.227,0.842,0.842,0.842,0.842,0.706,0.706,0.533,0.533,0.429,0.842,0.842,0.842,0.842,0.706,0.706,0.533,0.533,0.429
2621,12951754.917,2,2,409,0,0,0,0,0,0.115,409,392,0.289,0.800,0.800,0.800,0.737,0.737,0.667,0.588,0.588,0.500,0.800,0.800,0.800,0.737,0.737,0.667,0.588,0.588,0.500
2622,12951754.992,2,2,390,0,0,0,0,0,0.092,390,409,0.322,0.762,0.762,0.762,0.762,0.737,0.667,0.667,0.588,0.588,0.762,0.762,0.762,0.762,0.737,0.667,0.667,0.588,0.588
2623,12951755.065,2,2,392,0,0,0,0,0,0.087,392,390,0.386,0.800,0.800,0.800,0.737,0.737,0.667,0.667,0.500,0.400,0.800,0.800,0.800,0.737,0.737,0.667,0.667,0.500,0.400
2624,12951755.139,2,6,397,0,0,0,0,0,0.071,397,392,0.248,0.737,0.737,0.737,0.737,0.667,0.588,0.588,0.400,0.286,0.632,0.632,0.632,0.632,0.667,0.588,0.588,0.400,0.286
2625,12951755.210,2,2,402,0,0,0,0,0,0.104,402,397,0.273,0.889,0.889,0.824,0.824,0.824,0.824,0.571,0.571,0.333,0.889,0.889,0.824,0.824,0.824,0.824,0.571,0.571,0.333
2626,12951755.284,3,3,381,0,0,0,0,0,0.105,381,402,0.194,0.737,0.778,0.778,0.778,0.778,0.706,0.706,0.706,0.533,0.737,0.778,0.778,0.778,0.778,0.706,0.706,0.706,0.533
2627,12951755.359,4,9,412,0,0,0,0,0,0.119,412,381,0.188,0.737,0.737,0.778,0.778,0.778,0.778,0.778,0.778,0.625,0.632,0.632,0.667,0.667,0.667,0.667,0.667,0.778,0.625
2628,12951755.431,3,3,398,0,0,0,0,0,0.111,398,412,0.216,0.737,0.778,0.778,0.778,0.778,0.778,0.706,0.625,0.533,0.737,0.778,0.778,0.778,0.778,0.778,0.706,0.625,0.533
2629,12951755.503,2,2,398,0,0,0,0,0,0.095,398,398,0.311,0.842,0.842,0.778,0.778,0.706,0.706,0.625,0.533,0.429,0.842,0.842,0.778,0.778,0.706,0.706,0.500,0.533,0.429
2630,12951755.578,2,2,409,0,0,0,0,0,0.081,409,398,0.294,0.778,0.778,0.778,0.706,0.706,0.625,0.625,0.625,0.429,0.778,0.778,0.778,0.706,0.706,0.625,0.625,0.625,0.429
2631,12951755.651,3,3,402,0,0,0,0,0,0.102,402,409,0.207,0.800,0.842,0.778,0.778,0.625,0.625,0.625,0.625,0.429,0.800,0.842,0.778,0.778,0.625,0.625,0.625,0.625,0.429
2632,12951755.724,2,2,402,0,0,0,0,0,0.085,402,402,0.450,0.824,0.824,0.824,0.824,0.824,0.750,0.750,0.667,0.571,0.824,0.824,0.824,0.824,0.824,0.750,0.750,0.667,0.571
2633,12951755.798,2,2,394,0,0,0,0,0,0.081,394,402,0.059,0.778,0.778,0.778,0.778,0.625,0.625,0.625,0.625,0.429,0.778,0.778,0.778,0.778,0.625,0.625,0.625,0.625,0.429
2634,12951755.873,2,2,410,0,0,0,0,0,0.100,410,394,0.292,0.824,0.824,0.824,0.824,0.667,0.571,0.571,0.462,0.462,0.706,0.706,0.706,0.706,0.533,0.571,0.571,0.462,0.462
2635,12951755.948,2,6,393,0,0,0,0,0,0.094,393,410,0.351,0.778,0.778,0.778,0.778,0.706,0.706,0.429,0.429,0.429,0.667,0.667,0.667,0.667,0.706,0.706,0.429,0.429,0.429
2636,12951756.021,4,6,402,0,0,0,0,0,0.090,402,393,0.179,0.737,0.737,0.778,0.706,0.706,0.706,0.706,0.706,0.533,0.632,0.632,0.667,0.588,0.706,0.706,0.706,0.706,0.533
2637,12951756.094,2,2,404,0,0,0,0,0,0.106,404,402,0.195,0.778,0.778,0.778,0.778,0.778,0.625,0.625,0.625,0.625,0.778,0.778,0.778,0.778,0.778,0.625,0.625,0.625,0.625
2638,12951756.168,6,7,401,0,0,0,0,0,0.087,401,404,0.000,0.706,0.706,0.706,0.706,0.778,0.778,0.778,0.625,0.625,0.706,0.706,0.706,0.706,0.667,0.778,0.778,0.625,0.625
2639,12951756.243,2,2,400,0,0,0,0,0,0.090,400,401,0.282,0.737,0.737,0.737,0.737,0.706,0.706,0.706,0.533,0.429,0.737,0.737,0.737,0.737,0.706,0.588,0.588,0.533,0.429
2640,12951756.316,3,3,389,0,0,0,0,0,0.100,389,400,0.067,0.737,0.778,0.778,0.706,0.625,0.625,0.533,0.533,0.308,0.737,0.778,0.778,0.706,0.625,0.625,0.533,0.533,0.308
2641,12951756.387,2,2,379,0,0,0,0,0,0.103,379,389,0.090,0.778,0.778,0.778,0.778,0.625,0.625,0.533,0.429,0.308,0.556,0.556,0.556,0.556,0.375,0.500,0.400,0.286,0.154
2642,12951756.462,4,4,398,0,0,0,0,0,0.111,398,379,0.003,0.700,0.737,0.778,0.778,0.778,0.588,0.533,0.533,0.429,0.600,0.632,0.667,0.667,0.667,0.471,0.400,0.533,0.429
2643,12951756.536,6,2,377,0,0,0,0,0,0.088,377,398,0.001,0.667,0.667,0.667,0.632,0.737,0.706,0.625,0.533,0.429,0.667,0.667,0.667,0.632,0.632,0.588,0.500,0.400,0.286
2644,12951756.609,3,3,395,0,0,0,0,0,0.086,395,377,0.021,0.700,0.737,0.737,0.667,0.625,0.625,0.625,0.625,0.429,0.600,0.632,0.632,0.556,0.500,0.500,0.500,0.500,0.286
2645,12951756.683,2,2,388,0,0,0,0,0,0.088,388,395,0.024,0.778,0.778,0.778,0.625,0.625,0.625,0.625,0.533,0.308,0.667,0.667,0.667,0.500,0.500,0.500,0.625,0.533,0.308
2646,12951756.753,2,2,393,0,0,0,0,0,0.087,393,388,0.039,0.778,0.778,0.778,0.625,0.625,0.625,0.625,0.429,0.308,0.778,0.778,0.778,0.625,0.625,0.625,0.625,0.429,0.308
2647,12951756.827,2,2,387,0,0,0,0,0,0.098,387,393,0.092,0.737,0.737,0.737,0.737,0.667,0.667,0.588,0.500,0.400,0.737,0.737,0.737,0.737,0.667,0.667,0.588,0.500,0.400
2648,12951756.902,2,2,390,0,0,0,0,0,0.113,390,387,0.189,0.778,0.778,0.778,0.778,0.778,0.706,0.625,0.625,0.533,0.778,0.778,0.778,0.778,0.778,0.706,0.625,0.625,0.533
2649,12951756.974,2,2,394,0,0,0,0,0,0.127,394,390,0.205,0.857,0.800,0.800,0.737,0.667,0.667,0.667,0.500,0.500,0.762,0.700,0.700,0.632,0.556,0.667,0.667,0.500,0.500
2650,12951757.046,2,2,379,0,0,0,0,0,0.098,379,394,0.067,0.778,0.778,0.778,0.778,0.706,0.706,0.533,0.533,0.533,0.778,0.778,0.778,0.778,0.706,0.706,0.533,0.533,0.533
2651,12951757.194,5,5,411,0,0,0,0,0,0.161,411,379,0.081,0.571,0.696,0.667,0.737,0.588,0.588,0.400,0.400,0.400,0.571,0.696,0.667,0.737,0.588,0.588,0.400,0.400,0.400
2652,12951757.267,2,2,371,0,0,0,0,0,0.067,371,411,0.005,0.737,0.737,0.737,0.737,0.667,0.400,0.400,0.400,0.400,0.737,0.737,0.737,0.737,0.667,0.400,0.400,0.400,0.400
2653,12951757.339,3,3,384,0,0,0,0,0,0.099,384,371,0.017,0.762,0.800,0.737,0.737,0.737,0.588,0.500,0.286,0.286,0.762,0.800,0.737,0.737,0.737,0.588,0.500,0.286,0.286
2654,12951757.414,5,5,389,0,0,0,0,0,0.095,389,384,0.223,0.737,0.737,0.737,0.778,0.778,0.706,0.533,0.533,0.533,0.737,0.737,0.737,0.778,0.778,0.706,0.533,0.533,0.533
2655,12951757.487,3,3,401,0,0,0,0,0,0.112,401,389,0.383,0.737,0.778,0.706,0.706,0.706,0.625,0.625,0.429,0.429,0.737,0.778,0.706,0.706,0.706,0.625,0.625,0.429,0.429
2656,12951757.561,2,8,417,0,0,0,0,0,0.122,417,401,0.303,0.706,0.706,0.706,0.588,0.588,0.588,0.625,0.429,0.429,0.471,0.471,0.471,0.471,0.471,0.588,0.625,0.429,0.429
2657,12951757.633,4,4,395,0,0,0,0,0,0.106,395,417,0.193,0.737,0.737,0.778,0.706,0.588,0.588,0.625,0.533,0.429,0.737,0.737,0.778,0.706,0.588,0.588,0.625,0.533,0.429
2658,12951757.708,4,4,412,0,0,0,0,0,0.119,412,395,0.149,0.700,0.700,0.778,0.750,0.750,0.571,0.571,0.571,0.571,0.700,0.700,0.778,0.750,0.750,0.571,0.571,0.571,0.571
2659,12951757.783,5,5,420,0,0,0,0,0,0.119,420,412,0.070,0.667,0.667,0.667,0.700,0.588,0.500,0.500,0.500,0.500,0.667,0.667,0.667,0.700,0.588,0.500,0.500,0.500,0.500
2660,12951757.855,2,2,395,0,0,0,0,0,0.099,395,420,0.151,0.762,0.762,0.762,0.762,0.737,0.588,0.500,0.500,0.400,0.762,0.762,0.762,0.762,0.737,0.588,0.500,0.500,0.400
2661,12951757.927,2,2,388,0,0,0,0,0,0.095,388,395,0.020,0.700,0.700,0.700,0.632,0.667,0.500,0.500,0.500,0.400,0.700,0.700,0.700,0.632,0.667,0.500,0.500,0.500,0.400
2662,12951758.003,6,6,410,0,0,0,0,0,0.102,410,388,0.077,0.667,0.667,0.667,0.700,0.737,0.500,0.400,0.400,0.400,0.667,0.667,0.667,0.700,0.737,0.500,0.400,0.400,0.400
2663,12951758.077,4,4,408,0,0,0,0,0,0.110,408,410,0.014,0.667,0.667,0.700,0.700,0.700,0.667,0.588,0.400,0.400,0.667,0.667,0.700,0.700,0.700,0.556,0.471,0.400,0.400
2664,12951758.150,5,4,403,0,0,0,0,0,0.112,403,408,0.293,0.762,0.762,0.800,0.842,0.778,0.706,0.625,0.429,0.429,0.667,0.667,0.700,0.632,0.556,0.471,0.375,0.286,0.286
2665,12951758.223,2,2,409,0,0,0,0,0,0.127,409,403,0.138,0.762,0.762,0.762,0.700,0.588,0.588,0.588,0.588,0.500,0.762,0.762,0.762,0.700,0.588,0.588,0.588,0.588,0.500
2666,12951758.294,2,2,404,0,0,0,0,0,0.099,404,409,0.220,0.800,0.800,0.800,0.800,0.667,0.500,0.533,0.533,0.429,0.800,0.800,0.800,0.800,0.667,0.500,0.533,0.533,0.429
2667,12951758.368,3,3,394,0,0,0,0,0,0.096,394,404,0.295,0.762,0.800,0.800,0.778,0.625,0.429,0.429,0.429,0.429,0.762,0.800,0.800,0.667,0.625,0.429,0.429,0.429,0.429
2668,12951758.442,2,2,401,0,0,0,0,0,0.105,401,394,0.015,0.762,0.762,0.762,0.632,0.667,0.667,0.500,0.400,0.400,0.762,0.762,0.762,0.632,0.667,0.667,0.500,0.400,0.400
2669,12951758.514,2,2,400,0,0,0,0,0,0.102,400,401,0.087,0.700,0.700,0.700,0.588,0.500,0.500,0.500,0.500,0.400,0.700,0.700,0.700,0.588,0.500,0.500,0.500,0.500,0.400
2670,12951758.585,4,4,416,0,0,0,0,0,0.118,416,400,0.109,0.667,0.667,0.700,0.632,0.556,0.500,0.500,0.400,0.400,0.667,0.667,0.700,0.632,0.556,0.500,0.500,0.400,0.400
2671,12951758.661,2,2,411,0,0,0,0,0,0.117,411,416,0.154,0.700,0.700,0.700,0.700,0.632,0.556,0.375,0.400,0.400,0.700,0.700,0.700,0.700,0.632,0.556,0.375,0.400,0.400
2672,12951758.734,2,2,401,0,0,0,0,0,0.102,401,411,0.111,0.588,0.588,0.588,0.588,0.588,0.500,0.400,0.400,0.400,0.588,0.588,0.588,0.588,0.588,0.500,0.400,0.400,0.400
2673,12951758.807,2,2,414,0,0,0,0,0,0.099,414,401,0.090,0.737,0.737,0.667,0.667,0.500,0.400,0.400,0.400,0.400,0.737,0.737,0.667,0.667,0.500,0.400,0.400,0.400,0.400
2674,12951758.879,2,2,410,0,0,0,0,0,0.139,410,414,0.199,0.727,0.727,0.727,0.700,0.588,0.588,0.500,0.500,0.500,0.727,0.727,0.727,0.700,0.588,0.588,0.500,0.500,0.500
2675,12951758.953,4,4,402,0,0,0,0,0,0.114,402,410,0.223,0.696,0.696,0.727,0.526,0.471,0.500,0.500,0.500,0.500,0.696,0.696,0.727,0.526,0.471,0.500,0.500,0.500,0.500
2676,12951759.027,2,2,402,0,0,0,0,1,0.124,403,402,0.103,0.609,0.609,0.609,0.609,0.571,0.444,0.444,0.471,0.375,0.609,0.609,0.609,0.609,0.571,0.444,0.444,0.471,0.375
2677,12951759.100,7,7,434,0,0,0,0,0,0.113,434,403,0.061,0.696,0.636,0.636,0.667,0.667,0.700,0.556,0.375,0.400,0.696,0.636,0.636,0.667,0.667,0.700,0.556,0.375,0.400
2678,12951759.173,4,4,416,0,0,0,0,0,0.135,416,434,0.040,0.522,0.522,0.571,0.571,0.571,0.526,0.444,0.471,0.375,0.522,0.522,0.571,0.571,0.571,0.526,0.444,0.471,0.375
2679,12951759.247,2,2,429,0,0,0,0,0,0.147,429,416,0.129,0.667,0.667,0.667,0.667,0.600,0.526,0.556,0.556,0.556,0.667,0.667,0.667,0.667,0.600,0.526,0.556,0.556,0.556
2680,12951759.322,3,3,412,0,0,0,0,0,0.138,412,429,0.055,0.667,0.696,0.696,0.696,0.600,0.556,0.556,0.556,0.556,0.667,0.696,0.696,0.696,0.600,0.556,0.556,0.556,0.556
2681,12951759.394,4,4,420,0,0,0,0,1,0.138,421,412,0.055,0.636,0.636,0.667,0.600,0.600,0.444,0.444,0.444,0.375,0.636,0.636,0.667,0.600,0.600,0.444,0.444,0.444,0.375
2682,12951759.466,4,4,417,0,0,0,0,0,0.129,417,421,0.128,0.545,0.545,0.571,0.571,0.421,0.353,0.353,0.375,0.267,0.545,0.545,0.571,0.571,0.421,0.353,0.353,0.375,0.267
2683,12951759.542,4,4,414,0,0,0,0,0,0.162,414,417,0.194,0.750,0.750,0.783,0.727,0.667,0.526,0.556,0.556,0.375,0.750,0.750,0.783,0.727,0.667,0.526,0.556,0.556,0.375
2684,12951759.615,4,4,428,0,0,0,0,0,0.164,428,414,0.146,0.769,0.769,0.800,0.800,0.696,0.667,0.632,0.556,0.471,0.769,0.769,0.800,0.800,0.696,0.667,0.632,0.556,0.471
2685,12951759.688,4,4,428,0,0,0,0,0,0.154,428,428,0.151,0.583,0.583,0.609,0.545,0.545,0.600,0.556,0.471,0.267,0.583,0.583,0.609,0.545,0.545,0.600,0.556,0.471,0.267
2686,12951759.761,2,2,422,0,0,0,0,0,0.159,422,428,0.036,0.700,0.700,0.700,0.571,0.571,0.600,0.444,0.353,0.250,0.700,0.700,0.700,0.571,0.571,0.600,0.444,0.353,0.250
2687,12951759.836,4,4,414,0,0,0,0,0,0.150,414,422,0.084,0.609,0.609,0.636,0.571,0.571,0.500,0.500,0.421,0.375,0.609,0.609,0.636,0.571,0.571,0.500,0.500,0.421,0.375
2688,12951759.910,3,3,414,0,0,0,0,2,0.147,416,414,0.013,0.560,0.609,0.609,0.545,0.421,0.421,0.421,0.421,0.353,0.560,0.609,0.609,0.545,0.421,0.421,0.421,0.421,0.353
2689,12951760.055,4,4,417,0,0,0,0,0,0.151,417,416,0.025,0.545,0.545,0.600,0.444,0.444,0.444,0.444,0.353,0.267,0.545,0.545,0.600,0.444,0.444,0.444,0.444,0.353,0.267
2690,12951760.128,3,3,401,0,0,0,0,0,0.160,401,417,0.032,0.615,0.640,0.545,0.545,0.476,0.500,0.526,0.444,0.471,0.615,0.640,0.545,0.545,0.476,0.500,0.526,0.444,0.353
2691,12951760.203,4,4,424,0,0,0,0,0,0.158,424,401,0.019,0.560,0.583,0.609,0.500,0.526,0.526,0.471,0.471,0.471,0.560,0.583,0.609,0.500,0.526,0.526,0.471,0.471,0.471
2692,12951760.277,2,2,421,0,0,0,0,0,0.152,421,424,0.078,0.500,0.500,0.500,0.235,0.353,0.375,0.471,0.500,0.400,0.500,0.500,0.500,0.235,0.235,0.250,0.353,0.375,0.267
2693,12951760.349,2,2,411,0,0,0,0,0,0.153,411,421,0.050,0.636,0.636,0.636,0.526,0.526,0.526,0.444,0.353,0.353,0.545,0.545,0.545,0.526,0.526,0.526,0.444,0.353,0.353
2694,12951760.423,4,4,409,0,0,0,0,0,0.152,409,411,0.041,0.480,0.522,0.526,0.444,0.444,0.526,0.526,0.353,0.353,0.480,0.522,0.526,0.444,0.444,0.526,0.526,0.353,0.353
2695,12951760.497,2,2,399,0,0,0,0,0,0.155,399,409,0.113,0.609,0.609,0.545,0.444,0.444,0.444,0.444,0.444,0.471,0.522,0.522,0.455,0.333,0.333,0.333,0.333,0.333,0.235
2696,12951760.571,4,4,417,0,0,0,0,0,0.149,417,399,0.066,0.583,0.583,0.636,0.571,0.600,0.444,0.444,0.471,0.353,0.417,0.417,0.455,0.381,0.400,0.333,0.333,0.353,0.353
2697,12951760.645,2,2,419,0,0,0,0,0,0.153,419,417,0.084,0.609,0.609,0.571,0.600,0.600,0.500,0.500,0.444,0.375,0.522,0.522,0.476,0.500,0.500,0.500,0.500,0.444,0.375
2698,12951760.716,4,4,405,0,0,0,0,0,0.153,405,419,0.115,0.560,0.583,0.609,0.609,0.545,0.526,0.556,0.500,0.400,0.560,0.583,0.609,0.609,0.455,0.421,0.444,0.500,0.400
2699,12951760.790,6,6,402,0,0,0,0,0,0.149,402,405,0.030,0.545,0.545,0.522,0.571,0.600,0.471,0.471,0.400,0.400,0.545,0.545,0.522,0.571,0.600,0.471,0.471,0.400,0.400
2700,12951760.865,4,2,394,0,0,0,0,0,0.173,394,402,0.087,0.583,0.583,0.600,0.526,0.526,0.444,0.375,0.375,0.400,0.500,0.500,0.500,0.421,0.421,0.333,0.250,0.250,0.267
2701,12951760.937,3,6,402,0,0,0,0,0,0.152,402,394,0.073,0.476,0.500,0.444,0.400,0.471,0.471,0.471,0.471,0.375,0.381,0.400,0.333,0.300,0.471,0.471,0.471,0.471,0.375
2702,12951761.009,6,6,410,0,0,0,0,0,0.156,410,402,0.197,0.435,0.455,0.455,0.500,0.600,0.556,0.556,0.471,0.471,0.435,0.455,0.455,0.500,0.600,0.556,0.556,0.471,0.471
2703,12951761.084,2,6,412,0,0,0,0,0,0.163,412,410,0.148,0.615,0.615,0.545,0.545,0.600,0.526,0.556,0.471,0.375,0.538,0.538,0.545,0.545,0.600,0.526,0.556,0.471,0.375
2704,12951761.157,4,4,415,0,0,0,0,1,0.135,416,412,0.062,0.545,0.571,0.636,0.545,0.600,0.600,0.526,0.471,0.267,0.455,0.476,0.545,0.455,0.500,0.500,0.421,0.353,0.133
2705,12951761.230,3,3,434,0,0,0,0,0,0.205,434,416,0.223,0.643,0.667,0.609,0.583,0.571,0.500,0.556,0.471,0.375,0.643,0.667,0.609,0.583,0.571,0.500,0.556,0.471,0.375
2706,12951761.304,10,10,430,0,0,0,0,0,0.163,430,434,0.070,0.400,0.400,0.435,0.381,0.421,0.444,0.471,0.471,0.500,0.320,0.320,0.435,0.381,0.421,0.444,0.471,0.471,0.500
2707,12951761.379,5,5,433,0,0,0,0,0,0.173,433,430,0.064,0.593,0.593,0.593,0.609,0.333,0.500,0.500,0.500,0.500,0.593,0.593,0.593,0.609,0.333,0.375,0.500,0.500,0.500
2708,12951761.453,5,4,414,0,0,0,0,0,0.169,414,433,0.218,0.615,0.640,0.667,0.750,0.636,0.571,0.632,0.471,0.500,0.615,0.640,0.667,0.667,0.545,0.571,0.632,0.471,0.500
2709,12951761.526,5,5,431,0,0,0,0,0,0.176,431,414,0.112,0.571,0.571,0.615,0.696,0.571,0.421,0.444,0.471,0.267,0.500,0.500,0.538,0.609,0.476,0.316,0.333,0.353,0.267
2710,12951761.598,2,2,411,0,0,0,0,0,0.165,411,431,0.154,0.720,0.720,0.720,0.696,0.600,0.353,0.333,0.353,0.250,0.640,0.640,0.640,0.609,0.500,0.353,0.333,0.353,0.250
2711,12951761.673,6,2,405,0,0,0,0,0,0.156,405,411,0.052,0.609,0.609,0.609,0.571,0.636,0.600,0.444,0.444,0.353,0.609,0.609,0.609,0.571,0.545,0.500,0.333,0.444,0.353
2712,12951761.748,3,3,425,0,0,0,0,0,0.167,425,405,0.060,0.667,0.727,0.727,0.727,0.727,0.727,0.667,0.556,0.471,0.667,0.727,0.727,0.727,0.727,0.636,0.571,0.444,0.471
2713,12951761.820,4,4,409,0,0,0,0,0,0.159,409,425,0.070,0.583,0.609,0.720,0.720,0.696,0.600,0.526,0.471,0.471,0.500,0.522,0.640,0.640,0.609,0.500,0.421,0.353,0.353
2714,12951761.892,6,5,427,0,0,0,0,0,0.148,427,409,0.069,0.571,0.593,0.615,0.640,0.696,0.545,0.421,0.267,0.143,0.571,0.593,0.615,0.640,0.609,0.455,0.316,0.133,0.000
2715,12951761.966,3,3,426,0,0,0,0,0,0.148,426,427,0.154,0.714,0.769,0.769,0.750,0.636,0.600,0.600,0.526,0.471,0.643,0.692,0.692,0.667,0.545,0.600,0.600,0.526,0.471
2716,12951762.041,6,4,440,0,0,0,0,0,0.164,440,426,0.122,0.667,0.667,0.692,0.667,0.700,0.632,0.632,0.632,0.556,0.593,0.593,0.615,0.571,0.600,0.526,0.526,0.526,0.444
2717,12951762.114,3,3,440,0,0,0,0,0,0.175,440,440,0.068,0.621,0.643,0.615,0.640,0.571,0.600,0.526,0.526,0.353,0.621,0.643,0.615,0.640,0.476,0.500,0.421,0.421,0.235
2718,12951762.187,4,4,424,0,0,0,0,0,0.165,424,440,0.159,0.615,0.640,0.667,0.609,0.526,0.444,0.375,0.375,0.375,0.615,0.640,0.667,0.609,0.421,0.333,0.250,0.250,0.250
2719,12951762.258,5,2,401,0,0,0,0,1,0.157,402,424,0.209,0.667,0.667,0.667,0.727,0.667,0.526,0.526,0.471,0.500,0.667,0.667,0.667,0.636,0.571,0.421,0.421,0.353,0.375
2720,12951762.332,2,2,416,0,0,0,0,1,0.161,417,402,0.224,0.727,0.727,0.727,0.667,0.632,0.471,0.308,0.308,0.308,0.727,0.727,0.727,0.667,0.632,0.471,0.308,0.308,0.308
2721,12951762.407,4,4,430,0,0,0,0,0,0.163,430,417,0.256,0.583,0.583,0.609,0.609,0.500,0.471,0.375,0.267,0.267,0.583,0.583,0.609,0.609,0.500,0.471,0.375,0.267,0.267
2722,12951762.479,4,4,423,0,0,0,0,1,0.163,424,430,0.254,0.640,0.640,0.696,0.600,0.471,0.375,0.375,0.375,0.267,0.640,0.640,0.696,0.600,0.471,0.375,0.375,0.375,0.267
2723,12951762.551,2,2,410,0,0,0,0,0,0.141,410,424,0.129,0.696,0.696,0.696,0.632,0.375,0.375,0.375,0.375,0.143,0.696,0.696,0.696,0.632,0.375,0.375,0.375,0.375,0.143
2724,12951762.625,2,2,424,0,0,0,0,0,0.146,424,410,0.221,0.762,0.762,0.762,0.762,0.632,0.556,0.375,0.375,0.143,0.762,0.762,0.762,0.762,0.632,0.556,0.375,0.375,0.143
2725,12951762.698,4,4,421,0,0,0,0,0,0.157,421,424,0.061,0.609,0.636,0.667,0.667,0.600,0.471,0.267,0.267,0.286,0.609,0.636,0.667,0.667,0.600,0.471,0.267,0.267,0.286
2726,12951762.771,4,4,416,0,0,0,0,0,0.173,416,421,0.314,0.667,0.692,0.720,0.696,0.636,0.636,0.500,0.471,0.400,0.593,0.615,0.640,0.609,0.545,0.545,0.400,0.353,0.267
2727,12951762.845,2,2,430,0,0,0,0,0,0.153,430,416,0.129,0.750,0.750,0.750,0.696,0.696,0.636,0.444,0.471,0.471,0.667,0.667,0.667,0.609,0.609,0.545,0.333,0.353,0.235
2728,12951762.919,4,4,418,0,0,0,0,0,0.160,418,430,0.188,0.727,0.727,0.762,0.700,0.700,0.632,0.556,0.556,0.375,0.636,0.636,0.667,0.600,0.600,0.526,0.444,0.444,0.250
2729,12951762.992,4,4,409,0,0,0,0,0,0.174,409,418,0.135,0.667,0.696,0.727,0.600,0.526,0.526,0.526,0.471,0.267,0.583,0.609,0.636,0.500,0.421,0.421,0.421,0.353,0.133
2730,12951763.066,2,5,427,0,0,0,0,2,0.172,429,409,0.196,0.560,0.500,0.522,0.545,0.476,0.500,0.333,0.375,0.143,0.480,0.500,0.522,0.545,0.476,0.500,0.333,0.375,0.143
2731,12951763.138,4,4,403,0,0,0,0,1,0.191,404,429,0.237,0.571,0.593,0.640,0.500,0.500,0.526,0.526,0.526,0.526,0.571,0.593,0.640,0.500,0.500,0.526,0.526,0.526,0.526
2732,12951763.212,2,2,405,0,0,0,0,0,0.170,405,404,0.196,0.696,0.696,0.696,0.636,0.600,0.526,0.526,0.556,0.471,0.696,0.696,0.696,0.636,0.600,0.526,0.526,0.556,0.471
2733,12951763.287,3,3,411,0,0,0,0,0,0.158,411,405,0.275,0.696,0.727,0.727,0.526,0.444,0.375,0.375,0.267,0.267,0.696,0.727,0.727,0.526,0.444,0.375,0.375,0.267,0.267
2734,12951763.359,4,4,434,0,0,0,0,0,0.150,434,411,0.185,0.583,0.609,0.667,0.444,0.444,0.353,0.353,0.133,0.133,0.583,0.609,0.667,0.444,0.444,0.353,0.353,0.133,0.133
2735,12951763.431,4,4,429,0,0,0,0,2,0.172,431,434,0.328,0.750,0.783,0.857,0.800,0.737,0.737,0.667,0.667,0.500,0.750,0.783,0.857,0.800,0.737,0.737,0.667,0.667,0.500
2736,12951763.507,2,2,425,0,0,0,0,0,0.179,425,431,0.217,0.783,0.783,0.783,0.727,0.727,0.762,0.762,0.700,0.556,0.609,0.609,0.609,0.545,0.545,0.571,0.571,0.500,0.333
2737,12951763.580,6,6,424,0,0,0,0,0,0.151,424,425,0.120,0.560,0.583,0.583,0.545,0.600,0.444,0.444,0.444,0.588,0.560,0.583,0.583,0.545,0.600,0.444,0.444,0.444,0.471
2738,12951763.653,4,2,403,0,0,0,0,0,0.144,403,424,0.236,0.636,0.636,0.727,0.667,0.526,0.556,0.588,0.588,0.588,0.636,0.636,0.636,0.571,0.421,0.444,0.471,0.471,0.471
2739,12951763.726,5,5,400,0,0,0,0,0,0.160,400,403,0.011,0.545,0.545,0.571,0.600,0.556,0.556,0.471,0.471,0.267,0.545,0.545,0.571,0.600,0.556,0.556,0.471,0.471,0.267
2740,12951763.797,5,5,391,0,0,0,0,0,0.161,391,400,0.239,0.667,0.667,0.696,0.727,0.667,0.667,0.632,0.632,0.471,0.667,0.667,0.696,0.727,0.667,0.667,0.632,0.632,0.471
2741,12951763.872,2,2,387,0,0,0,0,0,0.142,387,391,0.188,0.583,0.583,0.522,0.571,0.526,0.471,0.471,0.500,0.400,0.583,0.583,0.522,0.571,0.526,0.471,0.471,0.500,0.400
2742,12951763.946,2,2,385,0,0,0,0,0,0.140,385,387,0.212,0.700,0.700,0.700,0.556,0.471,0.400,0.429,0.429,0.429,0.700,0.700,0.700,0.556,0.471,0.400,0.429,0.429,0.429
2743,12951764.018,3,3,396,0,0,0,0,0,0.139,396,385,0.169,0.609,0.636,0.600,0.600,0.556,0.471,0.375,0.375,0.375,0.609,0.636,0.600,0.600,0.556,0.471,0.375,0.375,0.375
2744,12951764.090,3,3,389,0,0,0,0,0,0.136,389,396,0.139,0.571,0.600,0.526,0.556,0.556,0.471,0.500,0.400,0.429,0.571,0.600,0.526,0.556,0.556,0.471,0.500,0.400,0.429
2745,12951764.165,5,5,385,0,0,0,0,0,0.127,385,389,0.121,0.444,0.444,0.444,0.471,0.471,0.471,0.471,0.375,0.286,0.444,0.444,0.444,0.471,0.471,0.471,0.471,0.375,0.286
2746,12951764.239,8,8,385,0,0,0,0,0,0.166,385,385,0.244,0.632,0.632,0.556,0.588,0.588,0.632,0.667,0.588,0.588,0.526,0.526,0.444,0.471,0.471,0.526,0.556,0.471,0.471
2747,12951764.384,2,2,397,0,0,0,0,0,0.131,397,385,0.216,0.667,0.667,0.667,0.625,0.533,0.533,0.533,0.533,0.571,0.667,0.667,0.667,0.625,0.533,0.533,0.533,0.533,0.571
2748,12951764.457,4,4,395,0,0,0,0,0,0.129,395,397,0.142,0.353,0.353,0.375,0.286,0.286,0.286,0.286,0.286,0.154,0.353,0.353,0.375,0.286,0.286,0.286,0.286,0.286,0.154
2749,12951764.531,2,2,391,0,0,0,0,0,0.125,391,395,0.199,0.632,0.632,0.500,0.533,0.533,0.533,0.429,0.308,0.333,0.632,0.632,0.500,0.533,0.533,0.533,0.429,0.308,0.333
2750,12951764.605,4,4,414,0,0,0,0,0,0.147,414,391,0.266,0.571,0.600,0.632,0.556,0.500,0.500,0.533,0.533,0.533,0.571,0.600,0.632,0.556,0.500,0.250,0.267,0.267,0.267
2751,12951764.678,2,2,406,0,0,0,0,0,0.143,406,414,0.257,0.667,0.609,0.636,0.600,0.600,0.471,0.471,0.471,0.500,0.583,0.522,0.545,0.500,0.500,0.353,0.353,0.353,0.375
2752,12951764.752,6,5,410,0,0,0,0,0,0.154,410,406,0.255,0.545,0.571,0.571,0.600,0.667,0.667,0.588,0.500,0.500,0.545,0.571,0.571,0.600,0.556,0.556,0.471,0.375,0.375
2753,12951764.826,2,2,392,0,0,0,0,0,0.143,392,410,0.193,0.700,0.700,0.632,0.632,0.667,0.588,0.500,0.500,0.400,0.600,0.600,0.526,0.526,0.556,0.471,0.375,0.375,0.267
2754,12951764.899,6,5,402,0,0,0,0,0,0.137,402,392,0.044,0.571,0.571,0.571,0.600,0.632,0.632,0.526,0.471,0.471,0.571,0.571,0.571,0.600,0.526,0.526,0.421,0.353,0.353
2755,12951764.971,8,8,404,0,0,0,0,0,0.139,404,402,0.176,0.300,0.300,0.333,0.353,0.375,0.267,0.400,0.286,0.286,0.300,0.300,0.333,0.353,0.375,0.267,0.400,0.286,0.286
2756,12951765.047,2,2,402,0,0,0,0,0,0.100,402,404,0.066,0.667,0.667,0.500,0.500,0.286,0.143,0.143,0.286,0.286,0.667,0.667,0.500,0.500,0.286,0.143,0.143,0.143,0.143
2757,12951765.122,4,4,398,0,0,0,0,2,0.130,400,402,0.130,0.435,0.476,0.556,0.375,0.375,0.267,0.143,0.000,0.000,0.435,0.476,0.556,0.375,0.375,0.267,0.143,0.000,0.000
2758,12951765.194,4,4,405,0,0,0,0,1,0.148,406,400,0.158,0.636,0.636,0.700,0.556,0.588,0.500,0.500,0.286,0.286,0.545,0.545,0.600,0.444,0.471,0.250,0.250,0.143,0.143
2759,12951765.267,4,4,395,0,0,0,0,0,0.162,395,406,0.054,0.636,0.667,0.700,0.556,0.556,0.588,0.588,0.500,0.429,0.545,0.571,0.600,0.444,0.444,0.471,0.471,0.375,0.286
2760,12951765.342,2,2,414,0,0,0,0,2,0.147,416,395,0.109,0.762,0.737,0.737,0.500,0.500,0.500,0.500,0.500,0.400,0.667,0.632,0.632,0.375,0.375,0.375,0.375,0.375,0.267
2761,12951765.415,4,4,406,0,0,0,0,0,0.145,406,416,0.226,0.583,0.583,0.667,0.632,0.588,0.500,0.588,0.400,0.400,0.417,0.417,0.476,0.421,0.353,0.250,0.235,0.133,0.267
2762,12951765.490,5,5,397,0,0,0,0,0,0.134,397,406,0.148,0.400,0.400,0.421,0.526,0.500,0.400,0.429,0.308,0.333,0.300,0.300,0.316,0.421,0.375,0.267,0.286,0.154,0.167
2763,12951765.561,5,6,410,0,0,0,0,0,0.166,410,397,0.205,0.480,0.480,0.500,0.636,0.571,0.526,0.444,0.500,0.375,0.400,0.400,0.417,0.545,0.571,0.526,0.444,0.500,0.375
2764,12951765.636,2,2,408,0,0,0,0,2,0.151,410,410,0.180,0.692,0.667,0.636,0.636,0.556,0.556,0.471,0.500,0.400,0.692,0.667,0.636,0.636,0.556,0.556,0.471,0.500,0.400
2765,12951765.713,4,4,410,0,0,0,0,0,0.146,410,410,0.147,0.500,0.500,0.526,0.353,0.267,0.267,0.471,0.500,0.400,0.400,0.400,0.421,0.235,0.133,0.133,0.353,0.375,0.267
2766,12951765.785,4,4,408,0,0,0,0,1,0.142,409,410,0.345,0.667,0.696,0.727,0.700,0.556,0.471,0.500,0.500,0.500,0.583,0.609,0.636,0.600,0.444,0.353,0.375,0.375,0.500
2767,12951765.858,2,2,390,0,0,0,0,0,0.131,390,409,0.028,0.500,0.500,0.500,0.500,0.500,0.500,0.500,0.364,0.364,0.500,0.500,0.500,0.500,0.500,0.500,0.333,0.182,0.182
2768,12951765.932,2,2,390,0,0,0,0,0,0.110,390,390,0.084,0.471,0.375,0.375,0.375,0.375,0.375,0.353,0.375,0.267,0.471,0.375,0.375,0.375,0.375,0.375,0.353,0.375,0.267
2769,12951766.005,2,2,399,0,0,0,0,0,0.125,399,390,0.082,0.526,0.526,0.526,0.526,0.444,0.444,0.375,0.375,0.375,0.526,0.526,0.526,0.526,0.444,0.444,0.375,0.375,0.375
2770,12951766.079,10,10,387,0,0,0,0,1,0.121,388,399,0.040,0.375,0.375,0.375,0.375,0.375,0.267,0.267,0.267,0.400,0.375,0.375,0.375,0.375,0.375,0.267,0.267,0.267,0.400
2771,12951766.152,6,6,413,0,0,0,0,0,0.121,413,388,0.003,0.421,0.421,0.353,0.353,0.444,0.353,0.353,0.353,0.353,0.421,0.421,0.353,0.353,0.444,0.353,0.353,0.353,0.353
2772,12951766.225,6,6,426,0,0,0,0,0,0.167,426,413,0.019,0.462,0.417,0.435,0.500,0.571,0.421,0.333,0.333,0.333,0.385,0.333,0.348,0.400,0.476,0.421,0.333,0.333,0.333
2773,12951766.299,4,8,415,0,0,0,0,0,0.161,415,426,0.054,0.609,0.609,0.667,0.600,0.600,0.600,0.600,0.444,0.353,0.435,0.435,0.476,0.400,0.500,0.500,0.600,0.444,0.353
2774,12951766.374,6,6,419,0,0,0,0,0,0.153,419,415,0.015,0.455,0.455,0.455,0.476,0.500,0.500,0.421,0.421,0.235,0.455,0.455,0.455,0.476,0.500,0.500,0.421,0.421,0.235
2775,12951766.446,3,3,429,0,0,0,0,2,0.181,431,419,0.040,0.455,0.476,0.400,0.421,0.421,0.333,0.333,0.333,0.333,0.455,0.476,0.400,0.421,0.421,0.333,0.333,0.333,0.333
2776,12951766.518,2,2,423,0,0,0,0,0,0.144,423,431,0.036,0.609,0.609,0.545,0.545,0.500,0.421,0.421,0.421,0.421,0.609,0.609,0.545,0.545,0.500,0.421,0.421,0.421,0.421
2777,12951766.593,2,2,421,0,0,0,0,0,0.147,421,423,0.094,0.421,0.421,0.421,0.421,0.235,0.235,0.125,0.235,0.125,0.421,0.421,0.421,0.421,0.235,0.235,0.125,0.235,0.125
2778,12951766.666,3,3,422,0,0,0,0,1,0.154,423,421,0.095,0.545,0.571,0.500,0.526,0.444,0.353,0.353,0.353,0.353,0.545,0.571,0.500,0.526,0.444,0.353,0.353,0.353,0.353
2779,12951766.739,5,5,420,0,0,0,0,0,0.179,420,423,0.056,0.480,0.480,0.480,0.522,0.381,0.381,0.500,0.500,0.421,0.480,0.480,0.480,0.522,0.381,0.381,0.500,0.500,0.421
2780,12951766.811,2,2,422,0,0,0,0,0,0.175,422,420,0.145,0.615,0.615,0.583,0.522,0.522,0.522,0.522,0.316,0.381,0.615,0.615,0.583,0.522,0.522,0.522,0.522,0.316,0.286
2781,12951766.886,5,5,408,0,0,0,0,0,0.142,408,422,0.091,0.571,0.571,0.571,0.600,0.600,0.600,0.500,0.353,0.353,0.571,0.571,0.571,0.600,0.600,0.600,0.500,0.353,0.353
2782,12951766.959,2,2,413,0,0,0,0,0,0.153,413,408,0.174,0.636,0.636,0.571,0.500,0.353,0.333,0.333,0.353,0.353,0.636,0.636,0.571,0.500,0.353,0.333,0.333,0.353,0.353
2783,12951767.032,3,9,423,0,0,0,0,2,0.191,425,413,0.070,0.545,0.571,0.571,0.500,0.421,0.400,0.333,0.353,0.353,0.273,0.286,0.286,0.200,0.211,0.200,0.333,0.353,0.353
2784,12951767.104,3,9,422,0,0,0,0,0,0.178,422,425,0.161,0.522,0.545,0.500,0.421,0.421,0.400,0.444,0.471,0.471,0.348,0.364,0.300,0.211,0.211,0.300,0.333,0.471,0.471
2785,12951767.179,2,6,419,0,0,0,0,0,0.150,419,422,0.293,0.636,0.636,0.636,0.636,0.636,0.400,0.316,0.353,0.375,0.455,0.455,0.455,0.545,0.636,0.400,0.316,0.353,0.375
2786,12951767.253,2,2,434,0,0,0,0,0,0.171,434,419,0.288,0.667,0.667,0.609,0.609,0.476,0.421,0.421,0.421,0.333,0.583,0.583,0.522,0.522,0.381,0.316,0.316,0.421,0.333
2787,12951767.326,2,2,410,0,0,0,0,0,0.141,410,434,0.198,0.636,0.636,0.636,0.500,0.333,0.333,0.421,0.526,0.526,0.545,0.545,0.545,0.400,0.222,0.222,0.421,0.526,0.526
2788,12951767.397,2,2,402,0,0,0,0,0,0.119,402,410,0.198,0.609,0.609,0.609,0.609,0.421,0.421,0.526,0.444,0.444,0.522,0.522,0.522,0.522,0.316,0.316,0.316,0.222,0.222
2789,12951767.472,3,3,419,0,0,0,0,0,0.203,419,402,0.127,0.455,0.500,0.500,0.421,0.333,0.333,0.353,0.353,0.444,0.455,0.500,0.500,0.421,0.333,0.333,0.353,0.353,0.444
2790,12951767.546,5,5,405,0,0,0,0,0,0.168,405,419,0.180,0.476,0.476,0.476,0.500,0.500,0.400,0.400,0.500,0.444,0.381,0.381,0.381,0.400,0.400,0.300,0.300,0.400,0.333
2791,12951767.619,4,4,395,0,0,0,0,0,0.177,395,405,0.247,0.643,0.643,0.692,0.609,0.609,0.609,0.476,0.421,0.444,0.571,0.571,0.615,0.522,0.522,0.522,0.381,0.316,0.333
2792,12951767.692,6,6,391,0,0,0,0,0,0.136,391,395,0.240,0.476,0.500,0.500,0.500,0.571,0.571,0.571,0.556,0.471,0.286,0.300,0.300,0.300,0.381,0.381,0.381,0.333,0.353
2793,12951767.766,2,2,402,0,0,0,0,0,0.142,402,391,0.158,0.750,0.750,0.636,0.571,0.526,0.526,0.353,0.353,0.353,0.667,0.667,0.545,0.476,0.421,0.421,0.235,0.353,0.353
2794,12951767.840,2,2,390,0,0,0,0,0,0.133,390,402,0.151,0.696,0.696,0.667,0.600,0.600,0.444,0.421,0.333,0.353,0.696,0.696,0.667,0.600,0.600,0.444,0.421,0.333,0.353
2795,12951767.914,2,4,398,0,0,0,0,0,0.156,398,390,0.255,0.696,0.696,0.696,0.636,0.636,0.600,0.600,0.526,0.526,0.609,0.609,0.696,0.636,0.636,0.600,0.600,0.526,0.526
2796,12951767.987,2,2,381,0,0,0,0,0,0.134,381,398,0.089,0.526,0.526,0.526,0.526,0.526,0.526,0.471,0.471,0.400,0.526,0.526,0.526,0.526,0.526,0.526,0.471,0.471,0.400
