frame,obj num,correct-obj num,over-obj num,under-obj num,no-obj num,V measure score (beta=1.00),Homogeneity,H(C|K),H(C),Completeness,H(K|C),H(K),Scene Num,Ave vel
1,5,4,1,0,0,0.935,1.000,0.000,1.099,0.878,0.153,1.252,0,0
2,5,2,3,0,0,0.857,1.000,0.000,1.322,0.750,0.440,1.762,0,0
3,5,4,1,0,0,0.980,1.000,0.000,1.447,0.960,0.060,1.507,0,0
4,4,2,2,0,0,0.849,1.000,0.000,1.334,0.737,0.476,1.810,0,0
5,4,3,1,0,0,0.946,1.000,0.000,1.315,0.897,0.151,1.466,0,0
6,4,2,2,0,0,0.897,1.000,0.000,1.295,0.814,0.296,1.591,0,0
7,4,3,1,0,0,0.862,1.000,0.000,1.221,0.758,0.390,1.611,0,0
8,4,2,2,0,0,0.853,1.000,0.000,1.302,0.743,0.449,1.751,0,0
9,3,1,2,0,0,0.906,1.000,0.000,0.926,0.828,0.193,1.119,0,0
10,3,3,0,0,0,1.000,1.000,0.000,1.010,1.000,0.000,1.010,0,0
11,2,2,0,0,0,1.000,1.000,0.000,0.586,1.000,0.000,0.586,0,0
12,2,2,0,0,0,1.000,1.000,0.000,0.474,1.000,0.000,0.474,0,0
13,2,2,0,0,0,1.000,1.000,0.000,0.474,1.000,0.000,0.474,0,0
14,2,2,0,0,0,1.000,1.000,0.000,0.562,1.000,0.000,0.562,0,0
15,2,2,0,0,0,1.000,1.000,0.000,0.500,1.000,0.000,0.500,0,0
16,2,1,1,0,0,0.866,1.000,0.000,0.562,0.764,0.173,0.736,0,0
17,3,2,1,0,0,0.918,1.000,0.000,0.759,0.848,0.136,0.895,0,0
18,2,2,0,0,0,1.000,1.000,0.000,0.500,1.000,0.000,0.500,0,0
19,3,3,0,0,0,1.000,1.000,0.000,0.684,1.000,0.000,0.684,0,0
20,2,2,0,0,0,1.000,1.000,0.000,0.586,1.000,0.000,0.586,0,0
21,3,2,1,0,0,0.949,1.000,0.000,0.984,0.902,0.107,1.091,0,0
22,3,3,0,0,0,1.000,1.000,0.000,0.908,1.000,0.000,0.908,0,0
23,3,2,1,0,0,0.941,1.000,0.000,1.010,0.888,0.127,1.137,0,0
24,4,3,1,0,0,0.948,1.000,0.000,1.233,0.900,0.136,1.369,0,0
25,4,3,1,0,0,0.955,1.000,0.000,1.342,0.914,0.126,1.468,0,0
26,5,4,1,0,0,0.952,1.000,0.000,1.401,0.909,0.141,1.542,0,0
27,5,4,1,0,0,0.975,1.000,0.000,1.331,0.950,0.069,1.400,0,0
28,6,5,1,0,0,0.883,1.000,0.000,1.477,0.790,0.392,1.869,0,0
29,6,4,2,0,0,0.958,1.000,0.000,1.520,0.920,0.132,1.652,0,0
30,6,4,2,0,0,0.948,1.000,0.000,1.560,0.900,0.173,1.733,0,0
31,7,5,2,0,0,0.938,1.000,0.000,1.746,0.883,0.232,1.979,0,0
32,6,2,4,0,0,0.836,1.000,0.000,1.460,0.718,0.573,2.032,0,0
33,5,2,3,0,0,0.747,1.000,0.000,1.291,0.597,0.873,2.164,0,0
34,6,4,2,0,0,0.926,1.000,0.000,1.520,0.861,0.245,1.765,0,0
35,6,2,4,0,0,0.837,1.000,0.000,1.607,0.720,0.626,2.234,0,0
36,7,7,0,0,0,1.000,1.000,0.000,1.616,1.000,0.000,1.616,0,0
37,6,3,3,0,0,0.902,1.000,0.000,1.653,0.822,0.358,2.011,0,0
38,8,7,1,0,0,0.981,1.000,0.000,1.882,0.962,0.074,1.955,0,0
39,7,6,1,0,0,0.966,1.000,0.000,1.629,0.935,0.113,1.742,0,0
40,8,5,3,0,0,0.848,1.000,0.000,1.430,0.736,0.513,1.943,0,0
41,7,5,2,0,0,0.930,1.000,0.000,1.747,0.869,0.264,2.011,0,0
42,8,7,1,0,0,0.982,1.000,0.000,1.688,0.965,0.062,1.749,0,0
43,7,4,3,0,0,0.864,1.000,0.000,1.693,0.760,0.534,2.227,0,0
44,7,6,1,0,0,0.978,1.000,0.000,1.715,0.956,0.078,1.793,0,0
45,8,7,1,0,0,0.916,1.000,0.000,1.827,0.846,0.333,2.160,0,0
46,9,5,4,0,0,0.899,1.000,0.000,1.937,0.817,0.433,2.370,0,0
47,8,5,3,0,0,0.945,1.000,0.000,1.888,0.895,0.220,2.108,0,0
48,8,7,1,0,0,0.986,1.000,0.000,1.925,0.973,0.053,1.978,0,0
49,8,6,2,0,0,0.867,1.000,0.000,1.878,0.765,0.577,2.455,0,0
50,8,5,3,0,0,0.957,1.000,0.000,1.842,0.918,0.164,2.007,0,0
51,8,4,4,0,0,0.903,1.000,0.000,1.702,0.823,0.367,2.069,0,0
52,8,7,1,0,0,0.962,1.000,0.000,1.869,0.926,0.149,2.019,0,0
53,7,5,2,0,0,0.956,1.000,0.000,1.786,0.916,0.164,1.950,0,0
54,6,5,1,0,0,0.924,1.000,0.000,1.700,0.859,0.278,1.979,0,0
55,7,5,2,0,0,0.883,1.000,0.000,1.769,0.791,0.468,2.237,0,0
56,7,7,0,0,0,1.000,1.000,0.000,1.831,1.000,0.000,1.831,0,0
57,6,3,3,0,0,0.917,1.000,0.000,1.677,0.847,0.303,1.981,0,0
58,6,6,0,0,0,1.000,1.000,0.000,1.685,1.000,0.000,1.685,0,0
59,6,3,3,0,0,0.880,1.000,0.000,1.539,0.786,0.418,1.958,0,0
60,5,3,2,0,0,0.849,1.000,0.000,1.417,0.738,0.504,1.922,0,0
61,3,1,2,0,0,0.827,1.000,0.000,1.030,0.704,0.432,1.462,0,0
62,4,3,1,0,0,0.852,1.000,0.000,1.241,0.742,0.432,1.673,0,0
63,4,2,2,0,0,0.702,1.000,0.000,0.704,0.541,0.598,1.302,0,0
64,5,2,3,0,0,0.859,1.000,0.000,1.493,0.753,0.489,1.983,0,0
65,4,1,3,0,0,0.881,1.000,0.000,1.318,0.787,0.357,1.675,0,0
66,5,3,2,0,0,0.912,1.000,0.000,1.431,0.838,0.277,1.708,0,0
67,5,4,1,0,0,0.883,1.000,0.000,1.479,0.791,0.392,1.871,0,0
68,6,4,2,0,0,0.936,1.000,0.000,1.679,0.879,0.231,1.910,0,0
69,6,4,2,0,0,0.830,1.000,0.000,1.538,0.709,0.630,2.168,0,0
70,7,5,2,0,0,0.885,1.000,0.000,1.628,0.793,0.424,2.051,0,0
71,8,6,2,0,0,0.922,1.000,0.000,1.898,0.856,0.319,2.218,0,0
72,8,5,3,0,0,0.865,1.000,0.000,1.844,0.763,0.574,2.418,0,0
73,8,3,5,0,0,0.912,1.000,0.000,1.899,0.838,0.366,2.265,0,0
74,9,7,2,0,0,0.847,1.000,0.000,1.890,0.735,0.681,2.571,0,0
75,8,4,4,0,0,0.840,1.000,0.000,1.911,0.724,0.730,2.641,0,0
76,9,7,2,0,0,0.925,1.000,0.000,2.006,0.861,0.325,2.331,0,0
77,8,4,4,0,0,0.844,1.000,0.000,1.796,0.731,0.662,2.457,0,0
78,8,4,4,0,0,0.922,1.000,0.000,1.829,0.856,0.309,2.138,0,0
79,8,6,2,0,0,0.979,1.000,0.000,1.621,0.958,0.071,1.692,0,0
80,8,3,5,0,0,0.895,1.000,0.000,1.620,0.810,0.379,1.999,0,0
81,9,3,6,0,0,0.922,1.000,0.000,1.908,0.855,0.323,2.231,0,0
82,9,5,4,0,0,0.925,1.000,0.000,1.738,0.860,0.284,2.022,0,0
83,9,5,4,0,0,0.914,1.000,0.000,1.549,0.842,0.291,1.840,0,0
84,8,4,4,0,0,0.905,1.000,0.000,1.708,0.826,0.360,2.068,0,0
85,9,5,4,0,0,0.827,1.000,0.000,1.890,0.705,0.791,2.681,0,0
86,6,4,2,0,0,0.881,1.000,0.000,1.196,0.787,0.325,1.521,0,0
87,4,2,2,0,0,0.868,1.000,0.000,1.065,0.767,0.323,1.388,0,0
88,3,1,2,0,0,0.522,1.000,0.000,0.378,0.353,0.693,1.070,0,0
89,4,2,2,0,0,0.740,1.000,0.000,0.928,0.587,0.652,1.581,0,0
90,3,1,2,0,0,0.814,1.000,0.000,1.093,0.686,0.500,1.593,0,0
91,3,2,1,0,0,0.819,1.000,0.000,0.928,0.693,0.410,1.338,0,0
92,3,3,0,0,0,1.000,1.000,0.000,0.977,1.000,0.000,0.977,0,0
93,3,2,1,0,0,0.740,1.000,0.000,0.960,0.588,0.673,1.633,0,0
94,2,1,1,0,0,0.792,1.000,0.000,0.621,0.656,0.326,0.947,0,0
95,2,1,1,0,0,0.640,1.000,0.000,0.598,0.470,0.674,1.272,0,0
96,3,2,1,0,0,0.857,1.000,0.000,0.950,0.749,0.318,1.268,0,0
97,2,2,0,0,0,1.000,1.000,0.000,0.637,1.000,0.000,0.637,0,0
98,2,2,0,0,0,1.000,1.000,0.000,0.662,1.000,0.000,0.662,0,0
99,2,1,1,0,0,0.810,1.000,0.000,0.683,0.680,0.321,1.004,0,0
100,2,1,1,0,0,0.689,1.000,0.000,0.673,0.526,0.607,1.280,0,0
101,2,1,1,0,0,0.687,1.000,0.000,0.611,0.523,0.557,1.168,0,0
102,2,1,1,0,0,0.835,1.000,0.000,0.637,0.717,0.251,0.888,0,0
103,2,1,1,0,0,0.833,1.000,0.000,0.673,0.713,0.270,0.943,0,0
104,2,1,1,0,0,0.605,1.000,0.000,0.580,0.433,0.758,1.338,0,0
105,2,1,1,0,0,0.539,1.000,0.000,0.617,0.369,1.054,1.672,0,0
106,2,1,1,0,0,0.707,1.000,0.000,0.580,0.547,0.481,1.061,0,0
107,2,1,1,0,0,0.725,1.000,0.000,0.546,0.569,0.413,0.959,0,0
108,2,1,1,0,0,0.737,1.000,0.000,0.617,0.583,0.441,1.058,0,0
109,2,0,2,0,0,0.561,1.000,0.000,0.652,0.390,1.021,1.673,0,0
110,2,0,2,0,0,0.587,1.000,0.000,0.652,0.415,0.917,1.569,0,0
111,2,0,2,0,0,0.776,1.000,0.000,0.606,0.634,0.350,0.955,0,0
112,3,2,1,0,0,0.744,1.000,0.000,0.808,0.592,0.556,1.365,0,0
113,3,1,2,0,0,0.779,1.000,0.000,0.924,0.638,0.523,1.447,0,0
114,3,1,2,0,0,0.649,1.000,0.000,0.901,0.480,0.974,1.875,0,0
115,3,2,1,0,0,0.917,1.000,0.000,0.918,0.847,0.166,1.084,0,0
116,3,2,1,0,0,0.806,1.000,0.000,0.977,0.675,0.471,1.448,0,0
117,3,2,1,0,0,0.861,1.000,0.000,1.040,0.755,0.337,1.376,0,0
118,3,0,3,0,0,0.709,1.000,0.000,1.059,0.549,0.870,1.930,0,0
119,3,1,2,0,0,0.728,1.000,0.000,1.048,0.573,0.783,1.831,0,0
120,3,1,2,0,0,0.907,1.000,0.000,1.009,0.830,0.207,1.217,0,0
121,4,2,2,0,0,0.723,1.000,0.000,1.258,0.566,0.964,2.222,0,0
122,4,3,1,0,0,0.934,1.000,0.000,1.038,0.876,0.147,1.185,0,0
123,3,2,1,0,0,0.684,1.000,0.000,0.879,0.520,0.812,1.691,0,0
124,3,2,1,0,0,0.816,1.000,0.000,1.057,0.690,0.475,1.532,0,0
125,3,2,1,0,0,0.836,1.000,0.000,0.981,0.718,0.385,1.366,0,0
126,4,3,1,0,0,0.872,1.000,0.000,1.306,0.773,0.385,1.691,0,0
127,4,3,1,0,0,0.898,1.000,0.000,1.290,0.814,0.294,1.584,0,0
128,4,3,1,0,0,0.888,1.000,0.000,1.291,0.798,0.326,1.618,0,0
129,4,3,1,0,0,0.832,1.000,0.000,1.185,0.713,0.477,1.662,0,0
130,4,2,2,0,0,0.844,1.000,0.000,1.147,0.730,0.425,1.571,0,0
131,4,3,1,0,0,0.852,1.000,0.000,1.223,0.742,0.425,1.648,0,0
132,4,1,3,0,0,0.746,1.000,0.000,1.211,0.595,0.825,2.035,0,0
133,4,2,2,0,0,0.710,1.000,0.000,1.135,0.551,0.926,2.061,0,0
134,5,4,1,0,0,0.768,1.000,0.000,1.116,0.624,0.673,1.790,0,0
135,5,4,1,0,0,0.847,1.000,0.000,1.087,0.734,0.394,1.480,0,0
136,5,4,1,0,0,0.837,1.000,0.000,1.156,0.720,0.449,1.605,0,0
137,5,4,1,0,0,0.871,1.000,0.000,1.318,0.772,0.390,1.708,0,0
138,4,3,1,0,0,0.783,1.000,0.000,1.163,0.643,0.645,1.808,0,0
139,4,2,2,0,0,0.695,1.000,0.000,1.074,0.532,0.944,2.017,0,0
140,4,2,2,0,0,0.740,1.000,0.000,1.164,0.587,0.818,1.983,0,0
141,4,3,1,0,0,0.771,1.000,0.000,1.090,0.627,0.647,1.737,0,0
142,5,4,1,0,0,0.814,1.000,0.000,1.275,0.687,0.582,1.857,0,0
143,5,4,1,0,0,0.892,1.000,0.000,1.299,0.805,0.315,1.614,0,0
144,5,4,1,0,0,0.810,1.000,0.000,1.163,0.681,0.544,1.708,0,0
145,5,4,1,0,0,0.796,1.000,0.000,1.205,0.661,0.619,1.824,0,0
146,4,3,1,0,0,0.851,1.000,0.000,1.038,0.740,0.364,1.401,0,0
147,3,2,1,0,0,0.892,1.000,0.000,0.935,0.804,0.227,1.162,0,0
148,4,3,1,0,0,0.868,1.000,0.000,1.141,0.767,0.346,1.487,0,0
149,4,3,1,0,0,0.916,1.000,0.000,1.144,0.846,0.209,1.352,0,0
150,3,1,2,0,0,0.816,1.000,0.000,0.876,0.690,0.394,1.270,0,0
151,3,2,1,0,0,0.819,1.000,0.000,0.928,0.693,0.410,1.338,0,0
152,4,2,2,0,0,0.820,1.000,0.000,1.005,0.695,0.442,1.447,0,0
153,3,2,1,0,0,0.810,1.000,0.000,0.857,0.681,0.401,1.258,0,0
154,3,1,2,0,0,0.781,1.000,0.000,0.934,0.641,0.522,1.456,0,0
155,3,2,1,0,0,0.786,1.000,0.000,0.960,0.648,0.522,1.482,0,0
156,3,0,3,0,0,0.761,1.000,0.000,1.051,0.615,0.659,1.710,0,0
157,4,2,2,0,0,0.786,1.000,0.000,1.208,0.647,0.659,1.867,0,0
158,4,2,2,0,0,0.851,1.000,0.000,1.208,0.741,0.422,1.629,0,0
159,4,2,2,0,0,0.794,1.000,0.000,1.155,0.658,0.601,1.755,0,0
160,4,2,2,0,0,0.782,1.000,0.000,0.931,0.642,0.519,1.451,0,0
161,4,1,3,0,0,0.699,1.000,0.000,1.196,0.537,1.032,2.229,0,0
162,4,1,3,0,0,0.836,1.000,0.000,1.263,0.718,0.496,1.758,0,0
163,5,4,1,0,0,0.865,1.000,0.000,1.317,0.763,0.410,1.727,0,0
164,4,2,2,0,0,0.764,1.000,0.000,1.170,0.618,0.723,1.893,0,0
165,4,2,2,0,0,0.737,1.000,0.000,1.159,0.583,0.829,1.989,0,0
166,3,1,2,0,0,0.767,1.000,0.000,1.059,0.623,0.642,1.702,0,0
167,3,2,1,0,0,0.791,1.000,0.000,1.036,0.654,0.548,1.585,0,0
168,3,1,2,0,0,0.744,1.000,0.000,1.072,0.593,0.736,1.808,0,0
169,3,2,1,0,0,0.816,1.000,0.000,0.854,0.689,0.385,1.239,0,0
170,3,2,1,0,0,0.849,1.000,0.000,0.927,0.737,0.330,1.257,0,0
171,3,2,1,0,0,0.866,1.000,0.000,0.970,0.764,0.300,1.270,0,0
172,3,2,1,0,0,0.787,1.000,0.000,0.917,0.648,0.498,1.415,0,0
173,4,4,0,0,0,1.000,1.000,0.000,0.951,1.000,0.000,0.951,0,0
174,3,1,2,0,0,0.687,1.000,0.000,0.900,0.523,0.821,1.721,0,0
175,3,2,1,0,0,0.947,1.000,0.000,1.003,0.899,0.112,1.115,0,0
176,3,2,1,0,0,0.890,1.000,0.000,1.085,0.802,0.268,1.353,0,0
177,3,1,2,0,0,0.740,1.000,0.000,1.046,0.587,0.736,1.782,0,0
178,3,1,2,0,0,0.666,1.000,0.000,1.012,0.499,1.017,2.029,0,0
179,3,2,1,0,0,0.906,1.000,0.000,1.018,0.828,0.211,1.229,0,0
180,3,1,2,0,0,0.813,1.000,0.000,1.025,0.685,0.471,1.496,0,0
181,3,3,0,0,0,1.000,1.000,0.000,0.959,1.000,0.000,0.959,0,0
182,3,1,2,0,0,0.820,1.000,0.000,1.074,0.695,0.471,1.545,0,0
183,2,1,1,0,0,0.659,1.000,0.000,0.606,0.492,0.627,1.232,0,0
184,2,1,1,0,0,0.660,1.000,0.000,0.649,0.493,0.669,1.318,0,0
185,2,1,1,0,0,0.700,1.000,0.000,0.649,0.538,0.556,1.206,0,0
186,2,1,1,0,0,0.809,1.000,0.000,0.673,0.679,0.318,0.991,0,0
187,2,1,1,0,0,0.684,1.000,0.000,0.652,0.520,0.602,1.254,0,0
188,2,0,2,0,0,0.691,1.000,0.000,0.690,0.528,0.616,1.306,0,0
189,2,0,2,0,0,0.599,1.000,0.000,0.637,0.428,0.852,1.488,0,0
190,3,1,2,0,0,0.753,1.000,0.000,0.960,0.604,0.629,1.589,0,0
191,2,1,1,0,0,0.641,1.000,0.000,0.576,0.472,0.645,1.222,0,0
192,4,0,4,0,0,0.787,1.000,0.000,1.282,0.648,0.695,1.977,0,0
193,4,2,2,0,0,0.758,1.000,0.000,1.259,0.611,0.803,2.062,0,0
194,4,3,1,0,0,0.902,1.000,0.000,1.145,0.822,0.248,1.393,0,0
195,5,4,1,0,0,0.885,1.000,0.000,1.211,0.794,0.314,1.525,0,0
196,6,4,2,0,0,0.889,1.000,0.000,1.467,0.800,0.368,1.835,0,0
197,6,3,3,0,0,0.832,1.000,0.000,1.470,0.712,0.594,2.064,0,0
198,6,2,4,0,0,0.825,1.000,0.000,1.546,0.703,0.654,2.201,0,0
199,6,4,2,0,0,0.904,1.000,0.000,1.627,0.825,0.344,1.971,0,0
200,6,5,1,0,0,0.891,1.000,0.000,1.666,0.803,0.409,2.075,0,0
201,5,4,1,0,0,0.920,1.000,0.000,1.518,0.853,0.262,1.781,0,0
202,6,3,3,0,0,0.846,1.000,0.000,1.573,0.732,0.575,2.148,0,0
203,6,4,2,0,0,0.870,1.000,0.000,1.677,0.769,0.503,2.179,0,0
204,6,3,3,0,0,0.889,1.000,0.000,1.685,0.801,0.419,2.104,0,0
205,6,2,4,0,0,0.776,1.000,0.000,1.661,0.633,0.961,2.622,0,0
206,7,3,4,0,0,0.836,1.000,0.000,1.779,0.719,0.696,2.475,0,0
207,5,3,2,0,0,0.774,1.000,0.000,1.230,0.631,0.719,1.948,0,0
208,5,1,4,0,0,0.811,1.000,0.000,1.416,0.682,0.660,2.076,0,0
209,5,3,2,0,0,0.868,1.000,0.000,1.451,0.766,0.443,1.894,0,0
210,5,2,3,0,0,0.891,1.000,0.000,1.432,0.803,0.351,1.783,0,0
211,6,3,3,0,0,0.871,1.000,0.000,1.642,0.771,0.487,2.129,0,0
212,7,4,3,0,0,0.922,1.000,0.000,1.794,0.856,0.302,2.096,0,0
213,7,3,4,0,0,0.839,1.000,0.000,1.797,0.723,0.689,2.486,0,0
214,7,3,4,0,0,0.870,1.000,0.000,1.828,0.770,0.547,2.375,0,0
215,7,2,5,0,0,0.866,1.000,0.000,1.744,0.764,0.539,2.282,0,0
216,7,1,6,0,0,0.847,1.000,0.000,1.897,0.735,0.685,2.582,0,0
217,7,0,7,0,0,0.881,1.000,0.000,1.902,0.787,0.513,2.416,0,0
218,7,3,4,0,0,0.833,1.000,0.000,1.696,0.714,0.678,2.374,0,0
219,8,4,4,0,0,0.868,1.000,0.000,1.827,0.767,0.554,2.382,0,0
220,5,1,4,0,0,0.738,1.000,0.000,1.338,0.585,0.950,2.289,0,0
221,7,5,2,0,0,0.876,1.000,0.000,1.787,0.779,0.508,2.296,0,0
222,5,4,1,0,0,0.855,1.000,0.000,1.326,0.746,0.450,1.777,0,0
223,6,5,1,0,0,0.861,1.000,0.000,1.064,0.756,0.343,1.407,0,0
224,5,2,3,0,0,0.783,1.000,0.000,1.136,0.644,0.629,1.765,0,0
225,5,3,2,0,0,0.946,1.000,0.000,1.502,0.898,0.171,1.673,0,0
226,4,3,1,0,0,0.957,1.000,0.000,1.341,0.918,0.119,1.460,0,0
227,4,2,2,0,0,0.867,1.000,0.000,1.339,0.765,0.412,1.750,0,0
228,4,0,4,0,0,0.802,1.000,0.000,1.320,0.669,0.652,1.972,0,0
229,4,2,2,0,0,0.914,1.000,0.000,1.339,0.842,0.252,1.590,0,0
230,4,3,1,0,0,0.909,1.000,0.000,1.332,0.833,0.268,1.600,0,0
231,4,1,3,0,0,0.785,1.000,0.000,1.220,0.646,0.669,1.889,0,0
232,4,2,2,0,0,0.852,1.000,0.000,1.238,0.742,0.430,1.668,0,0
233,4,3,1,0,0,0.919,1.000,0.000,1.171,0.851,0.205,1.376,0,0
234,3,2,1,0,0,0.873,1.000,0.000,1.085,0.774,0.317,1.402,0,0
235,3,2,1,0,0,0.806,1.000,0.000,1.044,0.675,0.504,1.547,0,0
236,3,1,2,0,0,0.799,1.000,0.000,0.986,0.665,0.497,1.483,0,0
237,3,1,2,0,0,0.638,1.000,0.000,0.756,0.468,0.860,1.616,0,0
238,3,2,1,0,0,0.929,1.000,0.000,0.852,0.868,0.130,0.982,0,0
239,3,1,2,0,0,0.733,1.000,0.000,0.859,0.578,0.626,1.484,0,0
240,2,0,2,0,0,0.772,1.000,0.000,0.693,0.628,0.410,1.103,0,0
241,2,0,2,0,0,0.568,1.000,0.000,0.673,0.397,1.023,1.696,0,0
242,2,0,2,0,0,0.673,1.000,0.000,0.691,0.507,0.672,1.362,0,0
243,2,1,1,0,0,0.699,1.000,0.000,0.679,0.537,0.586,1.265,0,0
244,2,1,1,0,0,0.721,1.000,0.000,0.655,0.564,0.507,1.162,0,0
245,2,0,2,0,0,0.577,1.000,0.000,0.679,0.405,0.997,1.676,0,0
246,2,0,2,0,0,0.719,1.000,0.000,0.655,0.561,0.513,1.169,0,0
247,2,1,1,0,0,0.690,1.000,0.000,0.683,0.527,0.613,1.296,0,0
248,2,1,1,0,0,0.744,1.000,0.000,0.689,0.593,0.473,1.162,0,0
249,2,0,2,0,0,0.604,1.000,0.000,0.689,0.432,0.905,1.594,0,0
250,2,1,1,0,0,0.628,1.000,0.000,0.673,0.458,0.798,1.471,0,0
251,2,0,2,0,0,0.646,1.000,0.000,0.679,0.477,0.745,1.424,0,0
252,2,0,2,0,0,0.580,1.000,0.000,0.666,0.408,0.965,1.631,0,0
253,2,1,1,0,0,0.825,1.000,0.000,0.690,0.701,0.294,0.984,0,0
254,2,1,1,0,0,0.867,1.000,0.000,0.679,0.765,0.209,0.888,0,0
255,3,1,2,0,0,0.750,1.000,0.000,0.911,0.600,0.608,1.519,0,0
256,3,1,2,0,0,0.666,1.000,0.000,0.853,0.499,0.856,1.709,0,0
257,3,1,2,0,0,0.696,1.000,0.000,0.984,0.533,0.861,1.845,0,0
258,3,3,0,0,0,1.000,1.000,0.000,0.984,1.000,0.000,0.984,0,0
259,3,1,2,0,0,0.689,1.000,0.000,0.918,0.525,0.830,1.748,0,0
260,3,2,1,0,0,0.798,1.000,0.000,0.992,0.664,0.502,1.494,0,0
261,3,1,2,0,0,0.818,1.000,0.000,0.972,0.692,0.433,1.405,0,0
262,5,3,2,0,0,0.841,1.000,0.000,1.249,0.725,0.474,1.722,0,0
263,5,4,1,0,0,0.870,1.000,0.000,1.316,0.770,0.394,1.711,0,0
264,4,3,1,0,0,0.943,1.000,0.000,1.184,0.892,0.143,1.327,0,0
265,4,1,3,0,0,0.723,1.000,0.000,1.222,0.566,0.938,2.160,0,0
266,4,2,2,0,0,0.816,1.000,0.000,1.208,0.689,0.546,1.753,0,0
267,4,1,3,0,0,0.810,1.000,0.000,1.158,0.680,0.545,1.703,0,0
268,4,4,0,0,0,1.000,1.000,0.000,1.209,1.000,0.000,1.209,0,0
269,4,1,3,0,0,0.812,1.000,0.000,1.203,0.683,0.558,1.761,0,0
270,4,1,3,0,0,0.727,1.000,0.000,1.160,0.571,0.870,2.030,0,0
271,5,4,1,0,0,0.962,1.000,0.000,1.468,0.927,0.116,1.584,0,0
272,5,4,1,0,0,0.942,1.000,0.000,1.279,0.890,0.159,1.438,0,0
273,5,4,1,0,0,0.947,1.000,0.000,1.336,0.899,0.149,1.486,0,0
274,5,2,3,0,0,0.814,1.000,0.000,1.489,0.686,0.682,2.171,0,0
275,6,3,3,0,0,0.906,1.000,0.000,1.597,0.828,0.331,1.927,0,0
276,6,3,3,0,0,0.852,1.000,0.000,1.556,0.742,0.541,2.098,0,0
277,7,4,3,0,0,0.868,1.000,0.000,1.700,0.767,0.517,2.216,0,0
278,7,3,4,0,0,0.860,1.000,0.000,1.722,0.754,0.560,2.282,0,0
279,7,5,2,0,0,0.892,1.000,0.000,1.737,0.805,0.420,2.157,0,0
280,7,3,4,0,0,0.836,1.000,0.000,1.775,0.718,0.696,2.471,0,0
281,7,5,2,0,0,0.827,1.000,0.000,1.651,0.705,0.691,2.342,0,0
282,8,6,2,0,0,0.924,1.000,0.000,1.868,0.859,0.307,2.174,0,0
283,7,3,4,0,0,0.884,1.000,0.000,1.738,0.792,0.457,2.195,0,0
284,7,3,4,0,0,0.861,1.000,0.000,1.847,0.756,0.595,2.443,0,0
285,6,2,4,0,0,0.798,1.000,0.000,1.585,0.663,0.805,2.390,0,0
286,7,3,4,0,0,0.852,1.000,0.000,1.667,0.742,0.579,2.246,0,0
287,6,3,3,0,0,0.877,1.000,0.000,1.512,0.781,0.425,1.936,0,0
288,5,1,4,0,0,0.746,1.000,0.000,1.273,0.595,0.865,2.138,0,0
289,6,3,3,0,0,0.772,1.000,0.000,1.383,0.629,0.817,2.200,0,0
290,7,3,4,0,0,0.838,1.000,0.000,1.214,0.722,0.468,1.683,0,0
291,6,3,3,0,0,0.586,1.000,0.000,1.009,0.414,1.428,2.437,0,0
292,7,4,3,0,0,0.804,1.000,0.000,1.648,0.673,0.802,2.450,0,0
293,7,6,1,0,0,0.988,1.000,0.000,1.646,0.976,0.041,1.687,0,0
294,7,5,2,0,0,0.858,1.000,0.000,1.716,0.752,0.567,2.283,0,0
295,7,4,3,0,0,0.893,1.000,0.000,1.678,0.806,0.403,2.081,0,0
296,8,5,3,0,0,0.890,1.000,0.000,1.808,0.801,0.449,2.257,0,0
297,8,5,3,0,0,0.897,1.000,0.000,1.786,0.813,0.412,2.197,0,0
298,6,3,3,0,0,0.908,1.000,0.000,1.533,0.832,0.310,1.843,0,0
299,7,4,3,0,0,0.820,1.000,0.000,1.539,0.695,0.676,2.214,0,0
300,6,2,4,0,0,0.805,1.000,0.000,1.588,0.674,0.768,2.356,0,0
301,7,4,3,0,0,0.842,1.000,0.000,1.648,0.727,0.620,2.268,0,0
302,6,3,3,0,0,0.846,1.000,0.000,1.586,0.733,0.578,2.164,0,0
303,7,3,4,0,0,0.889,1.000,0.000,1.627,0.801,0.405,2.032,0,0
304,8,3,5,0,0,0.831,1.000,0.000,1.865,0.711,0.757,2.623,0,0
305,8,3,5,0,0,0.869,1.000,0.000,1.862,0.769,0.560,2.422,0,0
306,9,6,3,0,0,0.907,1.000,0.000,1.954,0.829,0.402,2.356,0,0
307,9,6,3,0,0,0.865,1.000,0.000,1.915,0.761,0.600,2.515,0,0
308,8,6,2,0,0,0.918,1.000,0.000,1.930,0.849,0.343,2.273,0,0
309,7,3,4,0,0,0.875,1.000,0.000,1.765,0.777,0.506,2.271,0,0
310,7,4,3,0,0,0.886,1.000,0.000,1.766,0.795,0.455,2.221,0,0
311,6,2,4,0,0,0.847,1.000,0.000,1.657,0.735,0.597,2.254,0,0
312,6,4,2,0,0,0.932,1.000,0.000,1.644,0.873,0.239,1.883,0,0
313,5,3,2,0,0,0.770,1.000,0.000,1.381,0.625,0.827,2.208,0,0
314,4,2,2,0,0,0.866,1.000,0.000,1.194,0.764,0.369,1.563,0,0
315,4,1,3,0,0,0.774,1.000,0.000,1.070,0.631,0.626,1.695,0,0
316,4,3,1,0,0,0.811,1.000,0.000,1.224,0.682,0.572,1.796,0,0
317,3,1,2,0,0,0.697,1.000,0.000,0.910,0.535,0.789,1.699,0,0
318,4,3,1,0,0,0.819,1.000,0.000,1.070,0.693,0.473,1.543,0,0
319,4,2,2,0,0,0.904,1.000,0.000,1.123,0.824,0.239,1.362,0,0
320,4,2,2,0,0,0.824,1.000,0.000,1.075,0.701,0.460,1.535,0,0
321,5,4,1,0,0,0.866,1.000,0.000,1.179,0.764,0.365,1.544,0,0
322,5,2,3,0,0,0.813,1.000,0.000,1.393,0.685,0.641,2.034,0,0
323,5,2,3,0,0,0.838,1.000,0.000,1.472,0.721,0.569,2.040,0,0
324,5,2,3,0,0,0.871,1.000,0.000,1.568,0.771,0.466,2.034,0,0
325,5,1,4,0,0,0.811,1.000,0.000,1.554,0.682,0.726,2.280,0,0
326,6,2,4,0,0,0.858,1.000,0.000,1.674,0.752,0.552,2.226,0,0
327,6,3,3,0,0,0.858,1.000,0.000,1.634,0.751,0.541,2.175,0,0
328,6,4,2,0,0,0.926,1.000,0.000,1.630,0.863,0.259,1.888,0,0
329,5,3,2,0,0,0.857,1.000,0.000,1.436,0.749,0.480,1.915,0,0
330,5,2,3,0,0,0.835,1.000,0.000,1.445,0.717,0.571,2.016,0,0
331,4,2,2,0,0,0.745,1.000,0.000,1.111,0.593,0.763,1.874,0,0
332,3,2,1,0,0,0.893,1.000,0.000,0.727,0.806,0.175,0.902,0,0
333,3,2,1,0,0,0.867,1.000,0.000,0.790,0.766,0.241,1.032,0,0
334,3,2,1,0,0,0.954,1.000,0.000,0.952,0.911,0.092,1.044,0,0
335,3,2,1,0,0,0.943,1.000,0.000,0.865,0.893,0.104,0.969,0,0
336,3,1,2,0,0,0.848,1.000,0.000,0.883,0.736,0.316,1.199,0,0
337,3,3,0,0,0,1.000,1.000,0.000,0.956,1.000,0.000,0.956,0,0
338,4,1,3,0,0,0.713,1.000,0.000,0.915,0.554,0.737,1.652,0,0
339,4,3,1,0,0,0.932,1.000,0.000,0.938,0.872,0.138,1.076,0,0
340,4,4,0,0,0,1.000,1.000,0.000,0.985,1.000,0.000,0.985,0,0
341,4,2,2,0,0,0.897,1.000,0.000,1.037,0.813,0.239,1.276,0,0
342,4,4,0,0,0,1.000,1.000,0.000,1.076,1.000,0.000,1.076,0,0
343,4,4,0,0,0,1.000,1.000,0.000,1.096,1.000,0.000,1.096,0,0
344,4,2,2,0,0,0.726,1.000,0.000,1.107,0.570,0.836,1.943,0,0
345,5,3,2,0,0,0.940,1.000,0.000,1.223,0.887,0.156,1.378,0,0
346,6,6,0,0,0,1.000,1.000,0.000,1.301,1.000,0.000,1.301,0,0
347,6,5,1,0,0,0.965,1.000,0.000,1.413,0.933,0.101,1.515,0,0
348,6,2,4,0,0,0.926,1.000,0.000,1.371,0.862,0.219,1.589,0,0
349,7,6,1,0,0,0.984,1.000,0.000,1.667,0.968,0.055,1.723,0,0
350,9,7,2,0,0,0.955,1.000,0.000,1.768,0.914,0.167,1.935,0,0
351,9,5,4,0,0,0.939,1.000,0.000,1.816,0.886,0.235,2.051,0,0
352,9,5,4,0,0,0.956,1.000,0.000,1.893,0.916,0.173,2.066,0,0
353,9,4,5,0,0,0.908,1.000,0.000,1.840,0.832,0.371,2.211,0,0
354,7,6,1,0,0,0.964,1.000,0.000,1.589,0.930,0.120,1.709,0,0
355,8,5,3,0,0,0.944,1.000,0.000,1.638,0.895,0.193,1.831,0,0
356,8,4,4,0,0,0.899,1.000,0.000,1.673,0.816,0.377,2.049,0,0
357,6,4,2,0,0,0.915,1.000,0.000,1.177,0.844,0.218,1.395,0,0
358,2,2,0,0,0,1.000,1.000,0.000,0.234,1.000,0.000,0.234,0,0
359,2,2,0,0,0,1.000,1.000,0.000,0.234,1.000,0.000,0.234,0,0
